reelStrip1_1=11,11,4,4,9,9,11,11,8,8,10,10,5,5,8,8,11,11,7,7,9,9,10,10,4,4,1,3,3,11,11,5,5,7,7,11,11,6,6,9,9,10,10,9,9,6,6,8,8,10,10,11,11,6,6,10,10,10,8,8,10,10,7,7,7
reelStrip1_2=5,5,8,8,11,11,6,6,10,10,9,9,4,4,1,3,3,11,11,5,5,7,7,10,10,9,9,6,6,10,10,8,8,11,11,9,9,6,6,8,8,10,10,9,9,11,11,4,4,9,9,11,11,1,8,8,10,10,7,7,11,11,11
reelStrip1_3=11,11,4,4,7,7,9,9,10,10,4,4,11,11,6,6,4,4,9,9,11,11,8,8,10,10,1,8,8,10,10,11,11,6,6,7,7,7,5,5,8,8,11,11,10,10,9,9,6,6,3,3,8,8,5,5,7,7,8,8,10,10,3,3,3
reelStrip1_4=10,10,8,8,11,11,5,5,10,10,8,8,9,9,10,10,4,4,11,11,6,6,9,9,1,3,3,11,11,3,3,6,6,10,10,10,8,8,11,11,5,5,7,7,9,9,10,10,8,8,11,11,4,4,9,9,11,11,5,5,6,6,11,11,11,6,6
reelStrip1_5=10,10,4,4,9,9,8,8,4,4,9,9,5,5,8,8,11,11,9,9,3,3,11,11,1,10,10,9,9,5,5,4,4,7,7,7,10,10,9,9,11,11,8,8,6,6,8,8,11,11,6,6,8,8,10,10,8,8,11,11,6,6,5,5,9,9,9
reelStrip1_6=9,9,8,8,10,10,11,11,7,7,9,9,10,10,9,9,8,8,11,11,9,9,10,10,4,4,4,3,3,9,9,5,5,8,8,11,11,6,6,4,4,9,9,8,8,6,6,1,11,11,5,5,7,7,8,8,10,10,8,8,11,11,6,6,4,4,4,7,7

reelStrip2_1=11,11,4,4,9,9,8,8,11,11,10,10,5,5,8,8,11,11,9,9,10,10,4,4,1,3,3,11,11,5,5,7,7,9,9,6,6,11,11,10,10,9,9,7,7,8,8,10,10,11,11,6,6,10,10,10,8,8,12
reelStrip2_2=5,5,8,8,11,11,6,6,10,10,9,9,4,4,12,3,3,11,11,5,5,10,10,7,7,9,9,6,6,10,10,8,8,11,11,9,9,10,10,8,8,1,11,11,9,9,10,10,4,4,9,9,11,11,8,8,10,10,12,6,6
reelStrip2_3=11,11,4,4,7,7,9,9,10,10,4,4,3,3,6,6,4,4,9,9,10,10,8,8,11,11,1,8,8,10,10,11,11,6,6,7,7,7,5,5,8,8,11,11,10,10,9,9,6,6,8,8,3,3,5,5,7,7,8,8,12
reelStrip2_4=8,8,10,10,11,11,5,5,3,3,9,9,6,6,10,10,4,4,11,11,6,6,9,9,1,10,10,11,11,3,3,6,6,10,10,10,8,8,11,11,5,5,7,7,9,9,11,11,10,10,4,4,9,9,11,11,5,5,12,6,6
reelStrip2_5=9,9,10,10,4,4,9,9,8,8,4,4,5,5,9,9,8,8,11,11,9,9,3,3,11,11,1,10,10,9,9,5,5,7,7,7,9,9,10,10,11,11,6,6,8,8,9,9,11,11,6,6,8,8,10,10,11,11,6,6,12
reelStrip2_6=9,9,8,8,10,10,5,5,11,11,10,10,9,9,1,6,6,11,11,9,9,10,10,4,4,12,3,3,9,9,5,5,8,8,11,11,6,6,4,4,9,9,8,8,6,6,11,11,9,9,7,7,8,8,10,10,11,11,12


reelStrip3_1=11,11,4,4,9,9,11,11,8,8,10,10,5,5,8,8,11,11,7,7,9,9,10,10,4,4,1,3,3,11,11,5,5,7,7,11,11,6,6,9,9,10,10,9,9,6,6,8,8,10,10,11,11,6,6,10,10,10,8,8,10,10,7,7,7
reelStrip3_2=5,5,8,8,11,11,6,6,10,10,9,9,4,4,1,3,3,11,11,5,5,7,7,10,10,9,9,6,6,10,10,8,8,11,11,9,9,6,6,8,8,10,10,9,9,11,11,4,4,9,9,11,11,1,8,8,10,10,7,7,11,11,11
reelStrip3_3=11,11,4,4,7,7,9,9,10,10,4,4,11,11,6,6,4,4,9,9,11,11,8,8,10,10,1,8,8,10,10,11,11,6,6,7,7,7,5,5,8,8,11,11,10,10,9,9,6,6,3,3,8,8,5,5,7,7,8,8,10,10,3,3,3
reelStrip3_4=10,10,8,8,11,11,5,5,10,10,8,8,9,9,10,10,4,4,11,11,6,6,9,9,1,3,3,11,11,3,3,6,6,10,10,10,8,8,11,11,5,5,7,7,9,9,10,10,8,8,11,11,4,4,9,9,11,11,5,5,6,6,11,11,11,6,6
reelStrip3_5=10,10,4,4,9,9,8,8,4,4,9,9,5,5,8,8,11,11,9,9,3,3,11,11,1,10,10,9,9,5,5,4,4,7,7,7,10,10,9,9,11,11,8,8,6,6,8,8,11,11,6,6,8,8,10,10,8,8,11,11,6,6,5,5,9,9,9
reelStrip3_6=9,9,8,8,10,10,11,11,7,7,9,9,10,10,9,9,8,8,11,11,9,9,10,10,4,4,4,3,3,9,9,5,5,8,8,11,11,6,6,4,4,9,9,8,8,6,6,1,11,11,5,5,7,7,8,8,10,10,8,8,11,11,6,6,4,4,4,7,7

reelStrip4_1=11,11,4,4,9,9,8,8,12,11,11,10,10,5,5,8,8,4,4,7,7,9,9,12,10,10,4,4,1,3,3,11,11,5,5,4,4,7,7,9,9,5,5,4,4,6,6,11,11,10,10,12,9,9,5,5,4,4,6,6,8,8,10,10,4,4,8,8,6,6,10,10,10,8,8,12
reelStrip4_2=5,5,8,8,11,11,6,6,10,10,9,9,4,4,12,3,3,11,11,5,5,10,10,4,4,7,7,9,9,5,5,4,4,12,6,6,10,10,8,8,4,4,7,7,9,9,5,5,4,4,6,6,8,8,1,11,11,9,9,10,10,4,4,9,9,11,11,8,8,10,10,12,6,6
reelStrip4_3=11,11,4,4,7,7,9,9,10,10,4,4,12,3,3,6,6,4,4,9,9,10,10,8,8,11,11,1,10,10,4,4,11,11,6,6,12,4,4,7,7,7,5,5,8,8,11,11,10,10,12,9,9,5,5,4,4,6,6,8,8,3,3,5,5,4,4,7,7,8,8,12
reelStrip4_4=4,4,8,8,10,10,11,11,5,5,3,3,12,9,9,4,4,6,6,10,10,4,4,7,7,11,11,6,6,9,9,1,10,10,12,8,8,3,3,6,6,10,10,10,8,8,11,11,5,5,4,4,7,7,9,9,11,11,10,10,4,4,9,9,11,11,5,5,12,6,6
reelStrip4_5=9,9,10,10,4,4,9,9,12,8,8,4,4,5,5,9,9,8,8,11,11,4,4,7,7,9,9,3,3,11,11,1,10,10,9,9,5,5,4,4,7,7,7,12,9,9,10,10,11,11,6,6,8,8,9,9,11,11,6,6,8,8,10,10,4,4,11,11,6,6,12
reelStrip4_6=9,9,8,8,10,10,5,5,12,4,4,7,7,11,11,10,10,9,9,1,6,6,11,11,12,9,9,10,10,4,4,3,3,9,9,5,5,8,8,11,11,6,6,4,4,9,9,8,8,12,6,6,11,11,9,9,4,4,7,7,8,8,10,10,8,8,11,11,12

reelStrip5_1=11,11,4,4,9,9,1,8,8,1,10,10,5,5,8,8,11,11,1,9,9,10,10,4,4,3,3,11,11,5,5,1,7,7,6,6,9,9,10,10,1,5,5,1,11,11,10,10,8,8,6,6,10,10,10,8,8,10,10,1,7,7,7
reelStrip5_2=5,5,8,8,1,6,6,10,10,9,9,4,4,4,1,11,11,5,5,1,10,10,1,9,9,10,10,8,8,11,11,1,8,8,1,9,9,8,8,8,10,10,9,9,11,11,4,4,9,9,11,11,1,10,10,7,7,11,11,11
reelStrip5_3=11,11,4,4,1,9,9,10,10,4,4,11,11,6,6,4,4,9,9,11,11,8,8,10,10,8,8,10,10,1,11,11,1,7,7,7,5,5,8,8,11,11,10,10,10,9,9,1,7,7,3,3,8,8,5,5,1,8,8,10,10,1,3,3,3,1
reelStrip5_4=10,10,8,8,10,10,1,11,11,1,5,5,10,10,9,9,1,10,10,4,4,11,11,6,6,9,9,3,3,11,11,1,3,3,6,6,10,10,10,8,8,11,11,5,5,1,9,9,9,1,10,10,11,11,4,4,9,9,11,11,5,5,6,6,11,11,11,1
reelStrip5_5=10,10,1,4,4,1,9,9,8,8,4,4,9,9,5,5,8,8,11,11,1,9,9,3,3,11,11,10,10,9,9,5,5,1,7,7,7,10,10,9,9,11,11,11,9,9,6,6,8,8,11,11,6,6,8,8,10,10,1,11,11,1,6,6,5,5,9,9,9,1
reelStrip5_6=9,9,8,8,10,10,11,11,1,7,7,1,9,9,10,10,9,9,1,6,6,11,11,9,9,10,10,4,4,4,1,3,3,9,9,5,5,8,8,11,11,6,6,1,4,4,9,9,8,8,6,6,6,11,11,5,5,7,7,8,8,10,10,1,11,11,1,6,6,4,4,4,7,7
