reelStrip1=11,12,1,13,14,5,15,16,4,11,15,3,12,15,2,13,14,5,11,14,4,15,16,2,13,12,5,11,14,4,13,5,12,2,16,3,15,5,13,4,16,12,F,11,12,5,14,16,1
reelStrip2=13,1,14,2,13,14,3,11,12,4,15,5,16,11,W,12,15,2,14,5,16,12,4,11,15,3,14,16,F,13,1,14,5,13,14,3,11,12,4,15,5,16,11,W,12,13,2,14,5,13,12,4,11,15,3,14,16
reelStrip3=12,11,3,14,15,5,16,14,5,12,16,F,14,15,5,13,11,4,12,16,3,14,13,4,11,15,5,13,12,4,14,1,15,2,16,4,13,5,11,4,12,14,F,13,14
reelStrip4=11,1,13,4,16,F,15,1,16,14,3,13,2,15,W,11,12,5,16,2,15,14,F,13,3,12,5,11,F,11,3,13,4,12,2,15,1,16,14,3,13,4,12,W,11,12,5,16,2,15,14,4,13,3,12,5,11
reelStrip5=13,14,2,15,11,5,14,12,4,13,14,3,15,16,F,13,11,1,16,15,3,16,12,2,13,15,5,11,14,4,15,1,12,2,16,3,13,5,14,4,15,F,13,5,14,1,12,3,15,4,16,11,1,13,14,2
reelStrip6=
reelStripBonus1=5,12,11,4,16,3,12,5,11,2,14,11,1,12,4,13,5,12,2,11,4,15,3,13,12,5,11,14,4,13,11,F
reelStripBonus2=12,4,11,5,16,4,11,3,12,1,11,2,12,4,11,5,12,4,11,1,12,5,11,4,13,15,2,W,14,2,F,12,4,11,5,16,W,11,5,12,3,11,5,12,4,11,5,12,W,11,1,12,F,11,5,13,15,2
reelStripBonus3=4,15,1,12,16,4,11,5,12,3,11,W,12,4,14,5,12,4,11,3,12,4,11,W,13,2,15,W,1,15,F,5,15,1,12,16,4,11,5,12,3,11,W,12,4,14,5,12,4,11,3,12,W,11,5,13,2,15,W,1,15,F
reelStripBonus4=14,F,13,16,W,13,16,5,14,2,15,1,14,13,2,16,14,1,12,5,13,15,2,14,1,15,16,3,15,16,F,14,3,13,11,1,13,16,2,14,3,15,1,14,13,2,16,14,2,16,4,13,12,1,14,5,15,16,W,15,16,13
reelStripBonus5=3,15,1,14,F,13,4,16,13,2,16,3,13,15,2,16,1,14,15,1,16,15,2,12,1,16,12,4,15,14,F,16,11,3,13,14,1,13,4,16,12,3,15,5,13,16,1,12,3,14,15,4,16,13,3,15,5,13,12,4,15,5,16,12
reelStripBonus6=
