reelStrip0_0=8,10,3,3,3,3,11,9,8,8,6,6,5,5,7,7,4,4,4,4,9,6,6,13,13,13,10,12,5,5,11,8,8,7,7
reelStrip0_1=11,10,9,1,12,5,5,7,7,6,6,2,2,11,9,7,7,3,3,3,3,10,8,8,6,6,13,13,13,13,4,4,4,4,5,5,8,8
reelStrip0_2=8,10,6,6,7,7,3,3,3,3,1,11,9,5,5,8,8,13,13,13,13,6,6,2,2,11,4,4,4,4,5,5,12,9,8,8,10,7,7
reelStrip0_3=8,11,13,13,13,13,3,3,3,3,10,9,1,12,7,7,7,7,6,6,6,6,2,2,2,2,10,4,4,4,4,5,5,5,5,9,8,8,8,8,11
reelStrip0_4=8,11,9,10,6,6,6,6,2,2,2,2,10,12,4,4,4,4,9,3,3,3,3,13,13,13,13,13,5,5,5,5,11,8,8,8,8,7,7,7,7

reelStrip1_0=8,10,3,3,3,3,11,9,8,8,6,6,5,5,7,7,4,4,4,4,9,6,6,13,13,13,10,12,5,5,11,8,8,7,7
reelStrip1_1=11,10,9,1,12,5,5,7,7,6,6,2,2,11,15,15,15,15,9,7,7,16,16,16,16,10,8,8,6,6,13,13,13,13,5,5,8,8
reelStrip1_2=8,10,16,16,16,16,6,6,7,7,1,11,9,15,15,15,15,5,5,8,8,13,13,13,13,6,6,2,2,11,5,5,12,9,8,8,10,7,7
reelStrip1_3=8,11,13,13,13,13,10,16,16,16,16,9,1,12,7,7,7,7,6,6,6,6,15,15,15,15,2,2,2,2,10,5,5,5,5,9,8,8,8,8,11
reelStrip1_4=8,11,9,10,6,6,6,6,2,2,2,2,10,16,16,16,16,12,9,13,13,13,13,13,5,5,5,5,11,15,15,15,15,8,8,8,8,7,7,7,7
