reelStrip1_1=11,7,8,15,10,5,9,6,4,3,12,8,12,3,6,3,6,4,15,6,10,3,8,4,3,4,8,6,8,6,12,4,12,8,15,5,8,6,3,8,6,3,8,6,4,3,8,3,8,5,8,4,12,3,6,8,12,3,6,5,12,8,6,3,6,8,6,15,8,6,4,5,6,8,4,6,12,8,6,9,6,15,3,5,6,4,6,4,8,3,6,8,4,6,10,5
reelStrip1_2=9,3,12,7,8,1,4,6,10,5,11,7,5,12,8,10,8,10,8,7,8,11,1,12,8,3,12,1,11,8,3,12,10,7,12,8,12,8,10,12,7,8,12,8,12,7,12,8,12,3,12,3,7,8,4,10,11,12,6,12,8,11,8,7,12,5,12,8,10,7,11,5,6,11,4,12,8,1,12,7,8,3,7,12,6,8,10,12,7,10,11,12,1,6,3,8,6,11,12,10,5,10,12,7,6,8,7
reelStrip1_3=8,4,12,7,9,3,6,5,11,10,9,4,9,11,9,11,9,10,9,1,6,11,9,11,4,10,9,12,7,9,4,9,12,10,9,4,9,12,9,12,10,9,4,9,10,12,4,11,1,4,9,4,9,10,11,10,4,10,4,9,10,1,6,10,9,11,9,10,11,1,4,10,11,9,11,4,11,9,11,9,4,9,4,9,11,9,4,1,4,10,9,11,9,11,5,12
reelStrip1_4=12,7,11,8,6,9,3,5,10,1,4,7,6,7,9,3,6,7,3,1,7,11,4,3,7,6,3,1,6,7,3,6,3,9,1,11,3,6,3,10,4,6,8,6,8,7,9,11,10,5,7,10,6,4,3,4,3,6,3,7,6,10,4,3,11,6,4,10,11,8,4,11,1,3,11,6,11,9,4,10,3,9,4,6,10,7,3,7,6,7,10,9,6,7,3
reelStrip1_5=5,3,9,12,7,6,15,10,11,8,4,11,7,11,10,4,10,6,11,9,4,11,6,9,3,6,11,10,15,11,10,9,4,3,9,4,10,4,9,11,10,11,10,15,6,4,11,6,3,9,10,4,9
reelStrip1_6=

reelStrip2_1=3,11,7,4,10,5,6,15,12,9,8,4,10,11,12,11,8,4,7,5,10,9,11,6,4,10,11,9,7,5,8,11,4,11,4,10,6,10,6,11,8,11,10,5,9,6,4,11,5,6,8,4,9,6,7,5,6,9,8,4,9,5,12,4,11,7,4,5,10,4,6,11,10,11,9,15,8,4,11,10,5,4,9,6,11,6,10,4,7,10,11,10,11,6,5,9,4,6,4,7,11,4,11,7,10,6,11,5,10,11,5,10,11,5,15,11,10,6,11,10,8,6,5,12,6,11,6,5,11,8,11,15,10,9,11,8,11,10,11,5,11,6,4,5,7,6,4,6,5,6,9,11,6,4,11,5,11,6,7
reelStrip2_2=6,8,10,1,4,12,8,12,8,10,1,12,8,1,8,1,10,1,8,1,10,12,8,1,8,12,8,10,1,12,10,8,1,10,8,12,10,1,12,10,12,8,1,10,1,12,1,10,12,8,10,1,12,10,1,10,12,1,12,10,12,10,1,12,1,12,10,1,10,1,8,10,12,1,8,4,10,1,12,1,10,1,10,1,12,1,4,12,1,12
reelStrip2_3=7,9,5,1,11,3,11,5,9,5,3,5,9,11,9,3,11,9,5,9,3,5,9,11,3,5,1,3,9,11,9,11,3,11,9,3,9,1,11,3,11,9,5,9,3,11,3,11,9,3,9,5,3,5,3,11,9,3,9,11,3,5,9,11,9,3,9,3,5,3,5,3,11,9,3,9,3,9,3,1,3,11,3,11,5,9,3,11,3,9,11,3,11,9,5,1,9,11,9,5,3,9,5,3,9,1,11,9,3,9,5,11,9,11,5,3,9,11,9,3,9,3,11,5,3,5,11,3,5,3,11,3,11,5,3,9,3,9,3,9,3,5,3,9,11,9,5,3,9,1,3,9,3,9,5,1,11,9,5,3,5,11,1,5,11,5,11,1,3,5,9,1,5,3,9,11,5,9,11,3,1,5,11,9,3,5,11,3,9,11,3,9,3,1,5,9,5,11,3,9,1,3,5,11,3,5,3,5,11,9,3,11,3,5,11
reelStrip2_4=9,5,3,10,12,6,1,4,11,7,8,3,10,4,6,1,3,4,12,1,3,11,6,7,3,6,12,7,6,1,3,12,1,6,7,3,6,12,6,7,6,12,6,3,1,12,1,7,1,12,3,4,3,7,6,3,1,7,10,4,6,3,1,4,1,4,12,1,6,7,12,6,1,12,6,1,4,1,6,3,12,7,1,7,1,7,3,11,12,3,12,1,7,1,6,1,7,4,8,4
reelStrip2_5=3,8,5,9,6,11,12,10,7,4,12,7,5,10,5,10,8,9,8,10,6,8,10,8,10,5,8,10,6,10,6,7,10,9,12,10,7,10,12,6,7,9,5,8,10,12,10,8,7,4,9,12,6,8,10,7,12,9,10,8,5,10,9,12,10,6,10,8,7,4,10,12,10,6,12,5,11,8,5,6,10,6,7,10,8,12,5,10,12,5,7,5,10,8,12,10,8,12,9,7,10,8,9,8,9,5,8,9,10,9,10,5,12,5,8,5,8,7,10,5,10,8,12,8,12,10,6,8,6,5,10,8,10,7,10,5,8,10,7,9,10,5,10
reelStrip2_6=


reelStrip3_1=7,10,8,15,12,3,11,9,5,4,6,11,3,15,4,8,11,3,5,11,8,4,15
reelStrip3_2=7,5,9,1,3,11,5,1,9,1,3,1,11,5,11,5,11,5,3,5,3,9,3
reelStrip3_3=4,12,1,8,6,10,8,6,8,6,8,6,8,6,12,6,8,12,8,6,8,12,6,12,6,12,6,1,12,8,1,8,6,1,6,1,12,6,1,8,6,12,8,1,8,1,8,6,1,6,8,12,1,8,12,1,8,6,12,8,1,8,6,8,12,8,6,1,6,8,12,6,1,12,1,6,8,1,8,1,12,6,1,6,12,6,12,1,6,8,12,6,12,6,8,10,8,6,12,6,8,6,1,12,6,8,6,12,1,12,8,6,8,12,6,8,1,8,12,6,12,8,6,1,6,12,6,8,12,8,6,8,1,8,1,6,8,12,1,6,8,6,10,1,6,8,1,8,1,6,8,12,6,8,6,12,6,8,10,1,8,12,6,8,1,6,8,1,12,1,6,12,8,1,12,6,8,1,6,1,6,8,1,6,1,8,6,1,6
reelStrip3_4=1,12,3,6,10,11,7,8,4,9,5,3,10,12,11,6,3,7,12,6,8,6,12,11,10,11,3,12,3,8,12,11,10,3,8,11,3,12,6,8,11,7,3,11,10,5,11,10,6,12,3,11,7,3,12,8,10,5,9,11,8,3,11,3,9,3,10,12,10,6,11,8,3,11,9,11,12
reelStrip3_5=8,9,10,4,7,12,5,3,6,11,3,11,10,12
reelStrip3_6=

reelStrip4_1=3,6,12,5,10,8,7,4,11,9,15,6,8,6,7,6,4,10,5,12,15,8,5,8,5,10,15,5,8,12,5,8,9,5,7,10,5,12
reelStrip4_2=7,9,1,11,10,4,12,3,6,8,5,11,12,1,3,11,12,4,12,8,12,4,12,5,9,12,9,12,8,12,3,1,5,12,6,12,3,9,12,3,9,12,6,12,3,12,3,12,3,9,3,5,12,1,4,12,5,12,1,3,12,6,10,4,12,3,8,9,12,10,8,1,10,1,3,9,12,4,6,8,12,6,8,9,5,3,5,12,1,9,8,5,4,5,12,5
reelStrip4_3=4,7,10,6,9,5,12,3,8,11,1,3,11,3,7,3,1,7
reelStrip4_4=9,7,6,11,5,10,3,8,12,4,1,6,1,12,7,5,8,10,4,5,1,11,7,11,10,5,10,4,11,5,4,1,5,8,12,6,5,1,11,6,11,10,5,1,11,4,6,1,8,1,5,8,1,10,1,11,5,1,4,7,5,4,1,11,6,5,10,4,1,4,1,10,11,1,12,11,5,8,5,8,5,8,1,11,1,6,5,11,5,10,5,6,7,4,11,12,4,7,10,5,10,1,8,6,5,1,6,5,1,12,10,11,1,5,11,1,8,5,1,7,1,5,6,5,6,12,6,8,5,6,1,8,5,10,5,4,5,10,5,10,8,1,6,7,4,11,5,12,8,11,1,8,4,5,8,5,1,5,8,11,8,5,1,4,1,11,1,5,12,8,11,1,7,4,6,10,5,11,1,5,6,11,6,7,1,11,1,7,5,1,11,1,5,12,4,6,5,11,8,5,7,1,7,4,5,1,5,10,5,11
reelStrip4_5=4,7,15,12,11,3,6,10,9,5,8,12,5,8,5,3,6,3,12,6,12,9,12,3,6,3,12,3,12,3,9,3,12,6,12,3,9,10,3,6,12,6,8,3,6,8,12,9,3,6,12,8,3,8,6,3,12,3,9,6,3,9,12,9,6
reelStrip4_6=

reelStrip5_1=9,5,4,8,10,11,6,3,7,12,3,7,,10,7,12,11,3,5,10,12,4,15,7,4,3,4,7,12,7,4,5,12,7,5,11,12,7,11,7,5,7,5,7,5,3,7,4,8,4,5,3,4,5,7,12,5,15,12,8,7,12,5,4,7,3,7,12,7,5,6,8,7,5,7,8,11,7,4,7,4,11,5,7,12,4,7,12,15,5,12,6,7,5,8,4,11,12,8,4,3,7,8,11,12,4,12,8,7,5,7,5,7,5,12,10,8,12,11,8,7,11,12,4,5,15,5,7,8,12,5,7,4,6,5,12,4,12,5,12,8,4,5,12,3,12,8,7,5,12,8,12,5,15
reelStrip5_2=4,11,5,10,6,8,12,9,7,3,9,3,12,8,5,3,6,3,9,12,9,10,9,5,12,8,9,8,3,6,8,12,8,9,12,9,6,8,9,6,8,9,12,6,8,9,12,6,8,9,10,6,8,3,12,8,11,6,10,5,8,12,8,10,5,11,10,12,10,9,6,10,3,7,10,11,6,12,9,6,10,6,8,6,10,9,11,12,10,6,3,7,9,8,11,8,9,8,12,8,6,11,8,9,8,11,8,12,10,11,9,8,6,8,9,10,11,8,11,9,11,8,9,8,9,8,9,10,8,12,6,8,10,8,11,6,12,7,9,11,8,12,11,8,12,3,10,5,10,12,3,11,10,6,8,3,12,8,10,6,3,6,5,8,9,11,9,12,6,3,8,6,12,11,7,8,12,11,7,8,10,9,6,8,12,10,8,6,8,6,5,11,12,8,6,10,8,9,10,8,12,3,7,10,5,11,10,3,8,10,6,12,3,8,3,6,8,6,8,11,10,12,6,12,10,12,6,10,3,8,10,8,6,12,7,10,3,10,12,9,10,9,11,10
reelStrip5_3=5,12,6,3,10,11,9,4,7,8,10,6,10,6,10,6,11,10,6,11,6,3,9,10,3,10,11,6,3,10,3,11,10,11,12,10,11,9,3,10,3,9,12,11,6,10,11,6,11,10,6,10,9,3,10,12,6,10,3,6,3,9,12,10,7,4,10,6,3,12,10,3,11,12,11,9,12,11,3,11,3,10,12,6,9,4,10,12,9,11,12,3,10,9,12,10,6,12,8,3,6,10,9,6,3,12,3,11,9
reelStrip5_4=12,3,5,11,6,8,9,4,7,10,6,10,8,4,6,10,4,10,7,10,6,11,6,4,6,7,8,4,6,4,6,8,6,4,8,6,4,6,4,6,7,4,10,8,10,6,4,5,9,4,6,9,10,4,10,6,4,7,10,6,4,11,6,10,6,10,6,8,6,10,6,10,6,8,6,4,6,10,4,6,8,9,6,7,6,4,7,6,10,4,7,6,8,4,6,7,8,4,6,4,6,7,9,4,6,7,8,6,9,4,8,9,6,8,4,5,9,6,9,10,4,9,6,4,5,6,10,6,10,7,4,8,9,5,4,6,9,6,4,10,4,8,5,6,9,10,6,8,11,10,4,6,4,6,9,6,8,7,4,8,10,4,5,4,7,4,9,10,6,10,6,4,6,4,9
reelStrip5_5=5,6,11,9,8,3,12,7,4,10,15,6,3,4,8,3,8,3,12,10,12,7,4,10,12,8,3,4,7,4,3,12,3,7,3,10,6,10,12,3,6,4,7,3,12,3,7,6,9,3,8,4,8,7,12,15,3,12,3,4,9,6,8,6,9,4,8,12,7,6,3,12,8,3,12,3,12,3,9,4,3,8,7,6,8,3,11,3,12,8,6,12,3,11,8,15,9,3,12,7,3,8,3,12,7,11,7,12,9,8,6,4,7,10,3,4,9,3,9,7,4,6,11,3,6,8,3,8,7,12,4,9,10,6,3,12,4,7,6,3,7,6,9,7,11,8,10,12,4,8,12,8,7,12,3,8,4,8,3,6,3,12,9,10,9,8,7,8,3,7,4,11,7,12
reelStrip5_6=

reelStrip6_1=9,10,3,8,4,11,15,5,12,6,7,5,7,15,10,15,5,10,5,12,8,6,10,11,12,8,10,5,6,10,5,12,8,10,5,15,5,15,12,10,8,5,6,5,15,12,7,15,11,15,8,15,6,5,15,8,11,12,11,12,15,12,15,8,3,12,10,11,5,8,15,5,6,5,10,8,10,15,5,10,5,12,8,12,8,6
reelStrip6_2=6,12,8,4,10,8,4,8,10,4,10,4,8,4,12,8,4,12,8,10,4,8,4,8,4,12,4,8,12,8,4,8,10,4,8,4,8,4,8,4,12,8,4,12,8,12,4,8
reelStrip6_3=5,3,7,11,9,7,9,7,3,11,3,9,3,7,3,7,9,3,7,9,3,7,3,7,3,9,7,3,11,9,3,9,11,7,3,7,9,7,3,7,3,7,11,3,9,7,9,7,9,3,7,9,7,9,3,9,7,9,7,3,7,3,7,9,7,9,7,9,3,7,9,7,9,3,7,9,7,9,7,3,9,3,9,3,7,3,7,9,3,9,7,9,7,9,11,9,7,3,9,7,3,9,7,3,9,3,9,11,3,9,3,9,7,9,7,9,3,7,9,7,11,7,9,7,9,7,3,9,3,9,7,9,7,3,7,9,11,3,7,3,9,7,9,7,3,7,3,7,3,7,3,9,3,7,9,3,9,7,9
reelStrip6_4=9,3,6,5,4,12,7,11,8,10,4,6,5,3,6,11,6,3,6,11,8,4,8,11,7,4,6,7,11,6,8,6,4,8,3,8,4,3,11,6,4,11,3,8,3,8,7,11,3,7,4,3,6,4,3,6,3,11,8,11,6,4,11,8,3,11,3,8,4,3,5,11,6,7,6,4,7,6,10,6,3,4,3,11,7,4,11,3,8,12,8,11,4,3,4,11,3,11,4,8,11,3,4,11,3,8,11,4,3,4,3,11,6,3,11,4,11,3,4,3,8,6,3,8,7,3,8,3,6,4,3,11,4,11,4,10,4,8,3,8,4,6,4,3,4,11,8,4,8,11,7,3,11,4,7,4,11,8,10,3,5,7,6,11,6,11,3,4,6,3,4,3,6,8,4,5,11,4,8,4,7,8,11,3,4,3,6,3,6,4,3,11,3,6,4,3,8,6,7,4,8,11,6,10,3,11,4,8,4,6,3,6,3,11,4
reelStrip6_5=10,8,4,6,11,12,5,7,3,9,7,9,5,4,5,12,11,5,4,12,5,6,4,12,11,12,9,4,5,12,5,4,12,4,11,12,9,12,4,11,12,11,12,7,4,12,4,9,12,5,11,6,11,7,5,4,11,9,11,12,3,5,12,4,12,11,9,3,12,6,12,11,5,9,6,12,9,6,9,4,12,11,9,12,5,12,5,9,5,12,11,12,7,5,11,5,6,9,4,12,11,5,4,12,9,12,11,12,9,6,12,6,12,9,12,9,12,4,12,11,5,4,7,5,11,5
reelStrip6_6=

reelStrip7_1=11,15,12,8,9,10,4,6,5,3,7,15,8,6,10,15,12,4,6,3,8,15,3,5,6,4,3,15,7,8,15,12,3,8,6,12,6,4,15,5,6,5,3,6,15,3,6,4,6,15,8,15,8,15,5,15,8,4,6,3,8
reelStrip7_2=3,11,5,7,9,5,9,5,9,11,9,5,9,11,9,5,9,11,9,5,11,5,9,5,9,11,5,9,5,9,11,5,9,11,5,11,5,9,5,9,5,9,11,7,5,7,11,5,9,11,9,5,9,5,7,5,11,5,9,11,5,9,11,9,11,9,5,9,5,9,11,9,11,5,9,5,9,11,9,11,9,11,5,9,5,9,11,9,5,11,5,9,11,9,11,9,11,5,7,11,9,11,5,11,9,5,9,5,11,9,11,5,9,7,9,5,11,9,5,11,7,5,9,11,9,11,5,11,5,9,11,5,11,9,11,9,11,5,7,9,11,5
reelStrip7_3=4,10,6,12,8,10,8,10,12,10,6,8,10,8,10,8,6,10,8,10,6,8,6,10,8,6,10,8,6,8,6,10,8,10,6,8,10,6,10,12,10,6,12,8,10,8,10
reelStrip7_4=6,5,3,11,4,7,8,12,10,9,8,5,7,3,12
reelStrip7_5=5,4,7,9,10,11,8,12,6,3,6,4,8,4,8,3,10,6,10,6,3,12,10,6,10,3,4,6,12,10,6,10,12,4,6,8,3,4,10,12,6,10,3,10,6,3,12
reelStrip7_6=

reelStrip8_1=10,12,15,8,4,6,9,5,3,11,7,6,9,3,7,4,15,7,9,7,9,4,7,8,12,6,12,6,7,15,9,11,7,8,9,7,15,9,12,9,7,4,12,15,8,4,6,9,6,8,3,7,9,4,7,4,7,9,6,9,6,12,8,6,9,8,4,6,9,6,3,8,15,7,12,9,7,8,9,8,4,12,7,9,5,12,7,9,7,4,9,7,8,6,4,9,8,7,4,15,8,7,3,4,6,12,8,7,12,7,11,4,7,9,3,7,4,9,7,3,6,12,6,7,5,4,9,3,9,8,9,3,8,4,6,7,6,3,4,9,6,4,3,8,4,15,4,7,6,3,8,7,4,9,8,3,9,6,4,9,3,9,3,7,8,9,4,7,12,4,8,6
reelStrip8_2=12,10,8,6,9,11,5,4,3,7,11,6,11,4,11,8,10,3,6,3,11,9,11,4,3,11,3,9,3,7,6,11,4,3,4,5,11,3,4,11,3,6,11,9,11,9,11,6,11,4,9,11,4,11,6,11,3,11,4,10,11,3,4,10,11,4,3,6,11,4,5,8,11,5,11,10,4,3,11,6,3,4,11,9,8,11,10,11,4,3,6,9,3,9,11,3,11,6,11,6,11,4,10,4,3,11,6,11,9,11,9,6,11,3,10,8,6,9,5,3,11,10,3,6,11,6,4,11,7,6,11,10,4,6,3,11,9,11,3,10,4,9,11,3,4,7,11,6,9,3,11,3,11,3,6,11,3,7,6,4,6,4,7,4,6,8,4,7,3,7,3,10,11,4,9,4,9,6,11
reelStrip8_3=5,9,11,4,10,3,6,12,7,8,3,9,3,11,9,3,7,10,9,7,10,3,10,3,8,10,3,7,9,11,3,6,11,3,10,3,8,9,10,9,7,6,9,3,9,12,7,12,11,9,12,10,3,11,3,8,3,11,3,7,9,12,11,7,3,10,8,11,9,3,9,12,9,3,11,3,8,9,11,10,3,11,10,3,9,3,10,9,10,7,3,10,11,9,3,11,9,10,3,11,8,7,3,4,9,7,10,3,9,7,11,9,12,11,3,7,10,3,12,10,8,9,11,10,11,10,7,9,11,3
reelStrip8_4=3,9,8,11,10,12,4,5,7,6,5,8,11,5,6,11,12,6,8,5,10,9,6,9,6,5,6,9,7,12,11,6,9,8,9,12,9,11,4,12,6,11,12,6,5,8,5,8,4,8,10,7,11,8,12,6,9,12,6,5,12,11,12,5,6,9,8,12,6,7,12,8,11,9,12,4,6,12,7,11,7,6,7,12,6,7,6,8,7,5,11,10,4,7,5,9,12,11,7,11,12,5,11,9,11,6,5,8,5,6,7,9,6,12,7,6,11,6,11,5,11,8,12,5,7,10,5,7,6,12,7,5,7,4,12,5,6,4,9,7,12,4,8,12,7,12,6,8,6,12,10,12,8,5,12,5,8,4,5,11,9,11,6,9,12,4,11,5,6,12,8,11,5,11,4,12,4,12,11,12,5,8,5,6,11,10,8,12,7,5,4,11,8,6,11,9,11,12,10,12,9,7,6,7,12,7,5,7,5,9,5,8,11,12,11,5,12,4,8,9,6,10,11,5,6,9,12,7,12,7,6,4,9,6,11,12,11,5,7,10,12,5,12,8,7,12,7,4,8,12,11,7,12
reelStrip8_5=4,3,8,9,15,5,10,7,11,12,6,3,7,11,10,15,7,5,15,3,5,7,6,5,15,3,8,15,3,11,8,5,3,11,15,5,7,6,5,11,8,11,8,15,11,3,7,15,5,15,3,5,15,10,5,7,15,10,11,6,8,11,7,8,15,8,15,5,11,6,7,5,8,11,7,5,15,11,15,5,3,11,10,15,3,5,3,15,5,7,5,15,5,8,6,3,15,11,3,10,11,15,11,7,5,7,5,11,5,11,3,5,11,15,5,15,6
reelStrip8_6=

reelStrip9_1=11,9,15,6,7,8,12,10,3,4,5,12,5,6
reelStrip9_2=3,12,4,6,9,11,7,8,5,10,11,8,11,4,10,12,7,10,4,7,6,12,10,12,5,12,6,7,12,4,6,7,8,10,7,4,7,12,4,10,11,7,5,4,7,4,12,7,4,10,4,7,10,4,12,8,5,10,7,8,4,11,6,11,4,7,4,10,12,6,12,4,12,4,10,11,5,4,7,10,7,10,5,9,11,7,11,9,12,7,11,4,7,11,6,5,4,11,7,5,7,10,12,10,11,5,10,4,11,6,7,12,11,12,11,10,12,8,7,6,10,5,10,7,10,11,12,5
reelStrip9_3=6,3,9,5,7,12,8,11,10,4,10,3,11,10,3,9,5,9,11,3,10,11,9,11,5,3,5,3,5,3,8,10,11,12,11,10,3,5,3,11,3,8,11,5,11,8,10,8,10,9,5,12,8,7,11,8,9,8,5,11,3,11,5,11,4,5,8,3,11,3,9,5,10,7,12,10,11,3,5,3,8,11,10,11,12,7,9,5,9,10,9,8,5,3,11,3,8,10,8,3,9,7,11,8,10,11,7,5,12
reelStrip9_4=11,6,9,3,8,7,12,4,5,10,12,9,8,4,3,7,12,3,12,5,3,8,6,12,3,6,5,6,3,12,9,5,6,12,5,3,4,3,4,5,12,6,12,5,12,3,4,7,12,5,4,12,5,6,5,10
reelStrip9_5=3,15,7,8,4,9,11,6,12,10,5,15,4,12,9,4,5,11,4,7,8,9,15,10,15,12,5,7,11,10,7,4,8,6,9,5,11,7,9,7,4,12,11,7,11,10,7,15,7,9,4,5,7,5,7,5,6,5,6,8,15,9,12,15,6,4,5,9,5,11,5,7,5,7,5,4,8,7,9,15,4,15,9,12,4,7,11,9,7,6,7,4,12,5,4,7,15,7,6,7,10,7,12,6,10,5,15,4,15,4,7,11,12,6,4,5,4,8,7,11,5,11,6,5,10,12,7,5,11,4,5,9,8,5,15,5,15,7,11,7,9,5,15,10,5,12,10,5,9,11,8,5,7,8,12,11,7,4,5,10,7,5,10,4,6,8,15,5,10,11,12,8,5,7,5,8,12,6,9,11,10,15,5,10,5,11,9,8,4,6,5,15,8,12,6,4,5,10,7,9,8,12,7,9,8,7,11,10,4,11,9,4,11,9,10,6,12,7,4,6,10,4,9,6,7,11,4,8,7,15,4,12,10,11,10,8,11,9,4,5,15,9,4,11,15
reelStrip9_6=

reelStrip10_1=6,5,4,9,11,12,3,8,7,10,9,10,5,10,9,7,5,10,9,10,7,9,7,5,10,12,5,7,10,4,5,9,7,10,7,9,7,10,11,7,10,11,8,9,5,7,11,5,9,5,9,7,5,9,7,5,9,11,10,5,11,9,7,10,9,7,10,5,10,7,10,9,5,9,4,9,10,9,5,7,12,7,10,11,4,12,5,11,7,9,10,5,7,10,5,9,11,12,10,9,12,11,5,7,9,10,9,7,11,9,10,11,4,10,3,9,10,7,10,9,10,5,9,7,10,9,11,10,7,10,11,10,7,9,5,9,7,5,7,9,5,9,7,9,7,10,7,5,9,3,7,11,5,9,10,9,11,5,9,7,9,10,9,5,11,9,10,9
reelStrip10_2=10,6,5,12,4,8,9,11,7,3,12,11,9,11,5,9,3,5,9,4,3,12,11,6,11,5,9,3,6,12,9,11,3,9,8,7,9,8,9,3,5,3,11,12,6,9,5,6,9,5,8,12,3,5,6,8,11,3,9,12,5,11,3,8,5,6,8,3,5,8,12,3,6,3,8,12,7,6,9,5,3,4,12,3,8,12,9,3,11,6,3,6,11,3,9,5,3,6,8,6,5,12,6,3,6,11,8,9,3,5,3,5
reelStrip10_3=8,11,10,3,6,4,12,7,9,5,10
reelStrip10_4=5,8,9,4,6,7,10,11,3,12,3,6,3,7,6,9,11,6,12,6,8,12,6,11,6,7,12,6,3,7,6,3,12,9,6,12,6,7,6,11,7,4,6,7,9,8,6,10,4,6,9,6,8,9,11,6,7,6,9,11,6,9,4,6,8,6,4,6,10,12,7,4,9,8,3,6,9,6,4,3,4,3,4,6,11,10,8,3,4,12,4,8,9,3,11,10,9,8,6,12
reelStrip10_5=9,11,3,12,7,4,5,8,6,10,5,7,12,8,7,10,3,7,3,7,10,6,8,12,11,7,3,8,3,10,7,3,4,7,11,7,8,7,10,7,10,4,8,7,4,7,5,7,10,5,4,7,10,3,6,7,12,3,7,3,7,3,7,11,7,5,11,10,5,11,7,11,7
reelStrip10_6=

reelStrip11_1=12,10,3,11,9,8,5,7,4,6,4,8,9,8,10,8,10,3,10,3,5,7,9,3,9,8,10,7,8,7,8,10,4,8,4,6,4,10,8,6,4,6,8,10,9,7,9,8,5,10,3,10,7,4,5,9,3,5,8,4,8,4,9,3,10,4,9,10,4,8,4,3,4,7,4,6,4,8,3,8,4,8,4,3,6,10,3,10,8,4,8,4,8,9,6,10,8,4,10,11,3,4,8,3,4,6,8,3,8,4,8,9,4,3,8,9,8,9,8,4,8,4,3,4,9,8,4,10,6,4,9,10,9,8,10,4,10,8,11,3,4,8,9,8,3,4,10,6,10,4,11,8,3,10,9,8,3,9,11,4,8,10,6,10,6,3,6,8,4
reelStrip11_2=7,4,10,12,11,9,6,8,3,5,8,11,3,11,5,3,11,6,9,11,5,11,4,9,10,11,4,11,5,3,10,11,12,9,10,6,3,5,4,3,8,9,11,8,11,6,5,4,5,11,12,6,5,11,10,6,3,12,9,10,5,11,3,11,5,11,9,8,11,5,3,11,10,9,11,9,10,8,11,6,3,10,6,10,6,11,6,4,3,6,12,3,11,9,6,12,4,9,8,9,10,9,3,9,4,9,12,3,9,10,11,4,10,11,9,4,11,4,3,11,9,4,9,10,4,9,8,12,8,5,3,9,5,8,9,4,9
reelStrip11_3=8,3,4,10,12,9,11,6,5,7,4
reelStrip11_4=11,5,9,3,12,10,4,8,7,6,9,12,4,12,9,8,4,3,4,8,4,12,4,12,4,12,9,4,6,4,8,10,4,12,9,12,4,9,6,4,5,12,7,8
reelStrip11_5=10,9,8,4,5,7,6,11,3,12,6,11,6,3,11
reelStrip11_6=

reelStrip12_1=11,7,4,9,8,5,10,3,12,6,9,6,9,10,9,10,6,8,7,10,12,9,4,9,8,10,8,10,9,10,9,12,9,10,8,6,10,8,6,10,8,6,10,9,8,10,6,10,9,10,4,9,6,8,5,10,9,10,12,6,9,4,10,6,10,4,8,9,6,12,9,6,4,10,9,10,12,8,10,9,7
reelStrip12_2=11,5,4,10,12,6,9,7,3,8,7,6,4,12,9,7,10,7,4,3,7,5,7,12,9,7,9,7,12,5,9,6,7,12,8,4,9,7,9,4,9,7,9,7,3,4,3,4,3,4,7,8,12,4,9,6,9,4,9,7,9,10,12,9,3,4,12,9,12,3,5,4,9,12,4,9,12,3,4,8,9,5,4,9,12,7,6,9,12,5,7,3,9,6,5,9,4,9,4,7,3,4,7,9,4,7,9,6,9,4,9,7,3,9,7,3,4,7,8,12,7,3,4,7,9,3,7,8,9,4,8,9,7,9,4,9,5,4,6,7,9,7,3,9,6,4,7,4,3,4,9,10,3,7,12,7,9
reelStrip12_3=5,3,10,7,8,9,11,4,6,12,4,9,4,9,11,9,4,6,4,11,4,9,4,7,4,6,11,4,9,7,9,3,9,11,7,4,9,4,11,4,6,9,8,4,11,8,4,11,8,6,9,4,11,4,9,11,6,11,4,6,9,4,9,11,7,4,9,11,4,8,7,11,8,11,7,9,4,6,4,9,4,3,8,3,8,4,11,8,4,11,4,8,4,3,11,8,11,4,11,8,6,11,6,4,8,4,11,9,4,11,8,12,11,9,8,9,11,9,3,4,9,8,11,4,11,9,11,9,6,11
reelStrip12_4=8,12,7,3,6,10,4,9,11,5,12,4,7,12,3,4
reelStrip12_5=12,9,6,3,8,7,5,10,4,11,10,9,11,10,11,3,10,11,4,7,3
reelStrip12_6=
