reelStrip1=6,7,7,7,8,10,5,6,12,11,6,5,10,6,1,5,8,12,4,10,5,7,8,4,10,3,12,8,10,4,8,6,9,12,10,7,7,9,4,3,10,5,8,12,3,6,8,12,6,4,10,11,12,8,7,7,8,10,5,6,12,11,6,5,10,6,1,8,7,7,12,4,10,5,8,4,10,3,12,8,10,4,8,6,9,12,7,7,7,10,9,4,3,10,5,8,12,3,6,8,12,6,4,10,11,12,8,7,7,7,7,7
reelStrip2=4,3,9,11,3,7,8,6,3,9,11,5,10,6,3,1,9,12,3,4,11,7,7,3,6,8,9,5,11,9,6,11,4,9,3,5,4,11,6,3,5,11,9,12,9,10,4,3,11,5,9,8,7,7,7,7,7,4,3,9,11,3,8,6,3,9,11,5,10,6,3,9,7,7,12,3,4,1,11,3,6,8,9,5,11,9,6,11,4,9,3,5,4,7,7,7,11,6,3,5,11,9,12,9,10,4,3,11,5,9,8
reelStrip3=12,3,10,6,11,3,5,10,4,3,5,10,7,7,9,4,5,1,12,9,5,4,3,8,7,5,6,11,4,6,5,10,3,6,4,3,8,7,7,7,7,7,12,3,10,6,11,3,5,10,4,3,5,10,9,4,5,1,6,7,7,12,9,5,4,3,8,5,6,11,4,6,5,7,7,7,10,3,6,4,3,8
reelStrip4=5,6,4,12,5,4,8,7,7,6,4,11,3,9,10,6,3,5,3,7,7,7,7,7,5,6,4,12,5,4,8,7,7,7,6,4,11,3,9,1,10,6,3,5,3,5,6,4,12,5,4,8,6,4,11,3,9,7,7,10,1,9
reelStrip5=4,6,11,1,8,6,5,3,12,10,8,6,9,7,7,7,7,7,4,6,11,4,8,6,5,3,12,1,10,7,7,7,8,6,9,4,6,11,8,6,5,3,12,7,7,10,8,6,9,4,6,11,4,8,6,5,3,12,10,8,6,9
reelStrip6=
reelStripBonus1=6,7,8,10,2,5,6,12,7,11,6,5,10,6,5,8,7,7,12,4,10,5,8,4,10,3,12,8,10,4,8,9,2,12,10,9,4,3,10,5,8,12,3,6,8,12,6,4,10,11,12,8,7,7,7,7,7
reelStripBonus2=4,3,9,7,11,3,8,6,3,9,7,11,5,10,6,3,9,7,7,12,3,4,11,3,6,2,9,5,11,9,6,11,4,9,3,5,4,11,6,3,5,11,12,9,10,4,3,11,5,9,8,7,7,7,7,7
reelStripBonus3=12,2,3,6,7,11,3,5,7,10,4,3,5,9,4,5,6,7,7,12,9,5,4,3,8,5,6,11,4,6,2,10,3,6,4,3,8,7,7,7,7,7
reelStripBonus4=5,7,6,2,12,5,8,7,6,4,11,3,9,7,7,10,6,3,5,2,7,7,7,7,7
reelStripBonus5=4,6,7,11,2,4,8,7,5,3,12,7,7,10,6,9,7,7,7,7,7
reelStripBonus6=