reelStrip1=10,9,3,3,11,9,7,5,8,10,2,2,11,9,6,8,10,5,7,11,9,4,5,10,9,6,11,10,3,3,11,4,7,9,11,5,10,9,7,6,8,9,2,2,10,11,5,10,9,4,5,10,9,7,11,10,3,3,3,11
reelStrip2=10,11,4,7,8,6,7,11,1,10,9,2,2,10,11,4,5,8,7,6,10,11,1,8,7,4,11,3,3,3,10,11,4,6,8,7,5,11,1,9,11,6,4,11,8,3,3,3,11,6,5,8,11,1
reelStrip3=4,7,8,9,6,5,10,8,1,11,6,7,10,2,2,2,8,3,3,3,9,10,1,8,6,5,9,7,4,8,10,6,7,10,8,6,9,10,5,4,9,1,8,10,7,6,8,11,5,4,8,7,6,9,3,3,3,8
reelStrip4=2,2,2,8,7,6,9,5,7,8,11,1,9,8,6,7,11,5,4,8,3,3,11,8,1,9,11,7,6,8,10,5,9,11,5,7,9,8,4,5,11,9,8,11,5,6,10,4,7,11,8,3,3,3,9,11
reelStrip5=7,8,9,4,6,10,9,5,8,11,7,6,9,8,7,10,11,4,10,9,3,3,3,8,9,7,4,10,8,7,11,9,6,10,7,11,9,2,2,8,11,7,5,9,10,7,11,9,6,7,10,9,4,8,9
reelStrip6=
reelStripBonus1=10,9,3,3,11,9,7,5,8,10,8,4,11,9,6,8,10,5,2,2,9,4,5,10,9,6,11,10,6,5,11,4,7,9,11,5,10,9,7,6,8,9,4,7,10,11,5,10,9,4,5,10,9,7,11,10,3,3,3,11
reelStripBonus2=10,11,4,7,8,6,7,11,9,8,9,4,10,7,11,4,5,8,7,6,10,11,6,8,7,4,11,3,3,2,2,2,4,6,8,7,5,11,10,9,11,6,4,11,8,3,3,3,11,6,5,8,11,8
reelStripBonus3=4,7,8,9,6,5,10,8,10,11,6,7,10,2,2,9,8,3,3,3,9,10,7,8,6,5,9,7,4,8,10,6,7,10,2,2,9,10,5,4,9,7,8,10,7,6,8,2,2,5,8,7,6,9,4,3,5,8
reelStripBonus4=2,2,11,8,7,6,9,5,7,8,11,8,9,8,6,7,11,5,4,6,2,2,11,8,5,9,11,7,6,8,10,5,9,11,5,7,9,2,2,2,11,9,8,11,5,6,10,4,7,2,8,3,3,3,9,11
reelStripBonus5=7,8,9,4,6,10,9,5,8,11,7,6,9,8,2,2,11,4,10,9,3,3,5,8,9,7,4,10,8,7,11,9,6,10,7,11,9,2,2,2,11,7,5,9,10,7,11,9,6,7,10,9,4,8,9
reelStripBonus6=