reelStrip1_1=9,9,3,3,6,7,6,7,5,1,6,9,4,4,5,3,9,8,8,4,6,9,9,5,5,8,8,7,7,9,6,8,7,5,5,9,8,7,9,6,4,6,9,8,7,6,6,9,9,8,6,9,8,9,4,9,9,7,6,9,9,8,3,5,5,3,3,7,7,8,6,5,7,6,8,3,5,4,8,4,5,3,7,8,8,7,8,4,5,7,4,8,8,5,4,4,3,9,9,7,8,9,3,3,8,9,8,8,4,7,9,7,6,9,9,8,5,3,7,7,8,6,9,7,6,8,5,5,4,5,3,7,7,8,4,5,7,4,8,8,6,6,6
reelStrip1_2=9,9,3,3,6,7,6,7,5,9,6,9,4,4,5,3,1,8,8,4,6,9,9,5,5,8,8,7,7,9,6,8,7,5,5,9,8,7,9,6,4,6,9,8,7,6,6,9,9,8,6,9,8,9,4,9,9,7,6,9,9,8,3,5,5,3,3,7,7,8,6,5,7,6,8,3,5,4,8,4,5,3,7,8,8,7,8,4,5,7,4,8,8,5,4,4,3,9,9,7,8,9,3,3,8,9,8,8,4,7,9,7,6,9,9,8,5,3,7,7,8,6,9,7,6,8,5,5,4,5,3,7,7,8,4,5,7,4,8,8,6,6,6
reelStrip1_3=9,9,3,3,6,7,6,7,5,9,6,9,4,4,5,3,9,1,8,4,6,9,9,5,5,8,8,7,7,9,6,8,7,5,5,9,8,7,9,6,4,6,9,8,7,6,6,9,9,8,6,9,8,9,4,9,9,7,6,9,9,8,3,5,5,3,3,7,7,8,6,5,7,6,8,3,5,4,8,4,5,3,7,8,8,7,8,4,5,7,4,8,8,5,4,4,3,9,9,7,8,8,3,3,8,9,8,8,4,7,9,7,6,9,9,8,5,3,7,7,8,6,9,7,6,8,5,5,4,5,3,7,7,8,4,5,7,4,8,8,6,6,6
reelStrip1_4=9,9,3,3,6,7,6,7,5,9,6,9,4,4,5,3,9,8,8,4,6,9,1,5,5,8,8,7,7,9,6,8,7,5,5,9,8,7,9,6,4,6,9,8,7,6,6,9,9,8,6,9,8,9,4,9,9,7,6,9,9,8,3,5,5,3,3,7,7,8,6,5,7,6,8,3,5,4,8,4,5,3,7,8,8,7,8,4,5,7,4,8,8,5,4,4,3,9,9,7,8,9,3,3,8,9,8,8,4,7,9,7,6,9,9,8,5,3,7,7,8,6,9,7,6,8,5,5,4,5,3,7,7,8,4,5,7,4,8,8,6,6,6
reelStrip1_5=9,9,3,3,6,7,6,7,5,9,6,9,4,4,5,3,1,8,8,4,6,9,9,5,5,8,8,7,7,9,6,8,7,5,5,9,8,7,9,6,4,6,9,8,7,6,6,9,9,8,6,9,8,9,4,9,9,7,6,9,9,8,3,5,5,3,3,7,7,8,6,5,7,6,8,3,5,4,8,4,5,3,7,8,8,7,8,4,5,7,1,8,8,5,4,4,3,9,9,7,8,9,3,3,8,9,8,8,4,7,9,7,6,9,9,8,5,3,7,7,8,6,9,7,6,8,5,5,4,5,3,7,7,8,4,5,7,4,8,8
reelStrip1_6=9,9,3,3,6,7,6,7,5,9,6,9,4,4,5,3,9,8,8,1,6,9,9,5,5,8,8,7,7,9,6,8,7,5,5,9,8,7,9,6,4,6,9,8,7,6,6,9,9,8,6,9,8,9,4,9,9,7,6,9,9,8,3,5,5,3,3,7,7,8,6,5,7,6,8,3,5,4,8,4,5,3,7,8,8,7,8,4,5,7,4,8,8,5,4,4,3,9,9,7,8,9,3,3,8,9,8,8,4,7,9,7,6,9,9,8,5,3,7,7,8,6,9,7,6,8,5,5,4,5,3,7,7,8,4,5,7,4,8,8
reelStrip1_7=9,9,3,3,6,7,6,7,5,9,5,9,4,4,5,3,1,8,8,4,6,9,9,5,5,8,8,7,7,9,6,8,7,5,5,9,8,7,9,6,4,6,9,8,7,6,6,9,9,8,6,9,8,9,4,9,9,7,6,9,9,8,3,5,5,3,3,7,7,8,6,5,7,6,8,3,5,4,8,4,5,3,7,8,8,7,8,4,5,7,4,8,8,5,4,4,3,9,9,7,8,9,3,3,8,9,8,8,4,7,9,7,6,9,9,8,5,3,7,7,8,6,9,7,6,8,5,5,4,5,3,7,7,8,4,5,7,4,8,8

reelStrip2_1=9,9,3,3,6,7,6,7,5,9,6,6,9,4,3,3,9,8,8,4,6,9,9,5,5,8,8,7,7,6,6,8,7,5,5,9,8,7,9,6,4,9,9,8,7,6,6,9,9,8,6,9,8,4,9,9,9,7,6,9,9,8,5,5,5,3,3,7,7,8,6,5,7,6,8,3,5,4,4,4,5,3,7,8,8,8,8,4,5,7,4,8,8,5,4,4,3,9,9,7,8,9,3,3,3,9,8,8,4,7,7,7,6,9,9,8,3,7,7,8,6,6,9,7,6,5,5,5,7,6,6,6,8,4,4,4
reelStrip2_2=9,9,3,3,6,7,6,7,5,9,6,6,9,4,3,3,9,8,8,4,6,9,9,5,5,8,8,7,7,6,6,8,7,5,5,9,8,7,9,6,4,9,9,8,7,6,6,9,9,8,6,9,8,4,9,9,9,7,6,9,9,8,5,5,5,3,3,7,7,8,6,5,7,6,8,3,5,4,4,4,5,3,7,8,8,8,8,4,5,7,4,8,8,5,4,4,3,9,9,7,8,9,3,3,3,9,8,8,4,7,7,7,6,9,9,8,3,7,7,8,6,6,9,7,6,5,5,5,7,6,6,6,8,4,4,4
reelStrip2_3=9,9,3,3,6,7,6,7,5,9,6,6,9,4,3,3,9,8,8,4,6,9,9,5,5,8,8,7,7,6,6,8,7,5,5,9,8,7,9,6,4,9,9,8,7,6,6,9,9,8,6,9,8,4,9,9,9,7,6,9,9,8,5,5,5,3,3,7,7,8,6,5,7,6,8,3,5,4,4,4,5,3,7,8,8,8,8,4,5,7,4,8,8,5,4,4,3,9,9,7,8,9,3,3,3,9,8,8,4,7,7,7,6,9,9,8,3,7,7,8,6,6,9,7,6,5,5,5,7,6,6,6,8,4,4,4
reelStrip2_4=9,9,3,3,6,7,6,7,5,9,6,6,9,4,3,3,9,8,8,4,6,9,9,5,5,8,8,7,7,6,6,8,7,5,5,9,8,7,9,6,4,9,9,8,7,6,6,9,9,8,6,9,8,4,9,9,9,7,6,9,9,8,5,5,5,3,3,7,7,8,6,5,7,6,8,3,5,4,4,4,5,3,7,8,8,8,8,4,5,7,4,8,8,5,4,4,3,9,9,7,8,9,3,3,3,9,8,8,4,7,7,7,6,9,9,8,3,7,7,8,6,6,9,7,6,5,5,5,7,6,6,6,8,4,4,4
reelStrip2_5=9,9,3,3,6,7,6,7,5,9,6,6,9,4,3,3,9,8,8,4,6,9,9,5,5,8,8,7,7,6,6,8,7,5,5,9,8,7,9,6,4,9,9,8,7,6,6,9,9,8,6,9,8,4,9,9,9,7,6,9,9,8,5,5,5,3,3,7,7,8,6,5,7,6,8,3,5,4,4,5,5,3,7,8,8,8,8,4,5,7,4,8,8,5,4,4,3,9,9,7,8,9,3,3,3,9,8,8,4,7,7,7,6,9,9,8,3,7,7,8,6,6,9,7,6,5,5,5,7,6,6,6,8,4,4,4
reelStrip2_6=9,9,3,3,6,7,6,7,5,9,6,6,9,4,3,3,9,8,8,4,6,9,9,5,5,8,8,7,7,6,6,8,7,5,5,9,8,7,9,6,4,9,9,8,7,6,6,9,9,8,6,9,8,4,9,9,9,7,6,9,9,8,5,5,5,3,3,7,7,8,6,5,7,6,8,3,5,4,4,5,5,3,7,8,8,8,8,4,5,7,4,8,8,5,4,4,3,9,9,7,8,9,3,3,3,3,8,8,4,7,7,7,6,9,9,8,3,7,7,8,6,6,9,7,6,5,5,5,7,6,6,6,8,4,4,4
reelStrip2_7=9,9,3,3,6,7,6,7,5,9,5,6,9,4,3,3,9,8,8,4,6,9,9,5,5,8,8,7,7,6,6,8,7,5,5,9,8,7,9,6,4,9,9,8,7,6,6,9,9,8,6,9,8,4,9,9,9,7,6,9,9,8,5,5,5,3,3,7,7,8,6,5,7,6,8,3,5,4,4,5,5,3,7,8,8,8,8,4,5,7,4,8,8,5,4,4,3,9,9,7,8,9,3,3,3,3,8,8,4,7,7,7,6,9,9,8,3,7,7,8,6,6,9,7,6,5,5,5,7,6,6,6,8,4,4,4

reelStrip3_1=3,7,6,5,8,9,4,5,6,8,4,3,7,9,3,7,8,5,6,9,4,5,6,8,7,3,4,9,3,7,6,5,8,9,4,5,6,8,4,3,7,9,3,7
reelStrip3_2=3,7,6,5,8,9,4,5,6,8,4,3,7,9,3,7,8,5,6,9,4,5,6,8,7,3,4,9,3,7,6,5,8,9,4,5,6,8,4,3,7,9,3,7
reelStrip3_3=3,7,6,5,8,9,4,5,6,8,4,3,7,9,3,7,8,5,6,9,4,5,6,8,7,3,4,9,3,7,6,5,8,9,4,5,6,8,4,3,7,9,3,7
reelStrip3_4=3,7,6,5,8,9,4,5,6,8,4,3,7,9,3,7,8,5,6,9,4,5,6,8,7,3,4,9,3,7,6,5,8,9,4,5,6,8,4,3,7,9,3,7
reelStrip3_5=3,7,6,5,8,9,4,5,6,8,4,3,7,9,3,7,8,5,6,9,4,5,6,8,7,3,4,9,3,7,6,5,8,9,4,5,6,8,4,3,7,9,3,7
reelStrip3_6=3,7,6,5,8,9,4,5,6,8,4,3,7,9,3,7,8,5,6,9,4,5,6,8,7,3,4,9,3,7,6,5,8,9,4,5,6,8,4,3,7,9,3,7
reelStrip3_7=3,7,6,5,8,9,4,5,6,8,4,3,7,9,3,7,8,5,6,9,4,5,6,8,7,3,4,9,3,7,6,5,8,9,4,5,6,8,4,3,7,9,3,7

reelStrip4_1=9,9,3,3,6,7,6,7,5,1,6,6,9,4,3,3,9,8,8,4,6,9,9,5,5,8,8,7,7,6,6,8,7,5,5,9,8,7,9,6,4,9,9,8,7,6,6,9,9,8,6,9,8,4,9,9,9,7,6,9,9,8,5,5,5,3,3,7,7,8,6,5,7,6,8,3,5,4,4,4,5,3,7,8,8,8,8,4,5,7,4,8,8,5,4,4,3,9,9,7,8,9,3,3,3,9,8,8,4,7,7,7,6,9,9,8,5,3,7,7,8,6,9,7,6,5,5,5,7,6,6,6
reelStrip4_2=9,9,3,3,6,7,6,7,5,9,6,6,9,4,3,3,1,8,8,4,6,9,9,5,5,8,8,7,7,6,6,8,7,5,5,9,8,7,9,6,4,9,9,8,7,6,6,9,9,8,6,9,8,4,9,9,9,7,6,9,9,8,5,5,5,3,3,7,7,8,6,5,7,6,8,3,5,4,4,4,5,3,7,8,8,8,8,4,5,7,4,8,8,5,4,4,3,9,9,7,8,9,3,3,3,9,8,8,4,7,7,7,6,9,9,8,5,3,7,7,8,6,9,7,6,5,5,5,7,6,6,6
reelStrip4_3=9,9,3,3,6,7,6,7,5,9,6,6,9,4,3,3,9,8,8,4,6,9,9,5,5,8,8,7,7,6,6,8,7,5,5,9,8,7,9,6,4,9,9,8,7,6,6,9,9,8,6,9,8,4,9,9,9,7,6,9,9,8,5,5,5,3,3,7,7,8,6,5,7,6,8,3,5,4,4,4,5,3,7,8,8,8,8,4,5,7,4,8,8,5,4,4,3,9,9,7,8,1,3,3,3,9,8,8,4,7,7,7,6,9,9,8,5,3,7,7,8,6,9,7,6,5,5,5,7,6,6,6
reelStrip4_4=9,9,3,3,6,7,6,7,5,9,6,6,9,4,3,3,9,8,8,4,6,9,1,5,5,8,8,7,7,6,6,8,7,5,5,9,8,7,9,6,4,9,9,8,7,6,6,9,9,8,6,9,8,4,9,9,9,7,6,9,9,8,5,5,5,3,3,7,7,8,6,5,7,6,8,3,5,4,4,4,5,3,7,8,8,8,8,4,5,7,4,8,8,5,4,4,3,9,9,7,8,9,3,3,3,9,8,8,4,7,7,7,6,9,9,8,5,3,7,7,8,6,9,7,6,5,5,5,7,6,6,6
reelStrip4_5=9,9,3,3,6,7,6,7,5,9,6,6,9,4,3,3,1,8,8,4,6,9,9,5,5,8,8,7,7,6,6,8,7,5,5,9,8,7,9,6,4,9,9,8,7,6,6,9,9,8,6,9,8,4,9,9,9,7,6,9,9,8,5,5,5,3,3,7,7,8,6,5,7,6,8,3,5,4,4,5,5,3,7,8,8,8,8,4,5,7,4,8,8,5,4,4,3,9,9,7,8,9,3,3,3,9,8,8,4,7,7,7,6,9,9,8,5,3,7,7,8,6,9,7,6,5,5,5,7,6,6,6,5,4,4,4
reelStrip4_6=9,9,3,3,6,7,6,7,5,9,6,6,9,4,3,3,9,8,8,1,6,9,9,5,5,8,8,7,7,6,6,8,7,5,5,9,8,7,9,6,4,9,9,8,7,6,6,9,9,8,6,9,8,4,9,9,9,7,6,9,9,8,5,5,5,3,3,7,7,8,6,5,7,6,8,3,5,4,4,5,5,3,7,8,8,8,8,4,5,7,4,8,8,5,4,4,3,9,9,7,8,9,3,3,3,3,8,8,4,7,7,7,6,9,9,8,5,3,7,7,8,6,9,7,6,5,5,5,7,6,6,6,5,4,4,4
reelStrip4_7=9,9,3,3,6,7,6,7,5,9,5,6,9,4,3,3,1,8,8,4,6,9,9,5,5,8,8,7,7,6,6,8,7,5,5,9,8,7,9,6,4,9,9,8,7,6,6,9,9,8,6,9,8,4,9,9,9,7,6,9,9,8,5,5,5,3,3,7,7,8,6,5,7,6,8,3,5,4,4,5,5,3,7,8,8,8,8,4,5,7,4,8,8,5,4,4,3,9,9,7,8,9,3,3,3,3,8,8,4,7,7,7,6,9,9,8,5,3,7,7,8,6,9,7,6,5,5,5,7,6,6,6,5,4,4,4

reelStrip5_1=9,9,3,3,6,7,6,7,5,1,6,6,9,4,3,3,9,8,8,4,6,9,9,5,5,8,8,7,7,6,6,8,7,5,5,9,8,7,9,6,4,9,9,8,7,6,6,9,9,8,6,9,8,4,9,9,9,7,6,9,9,8,5,5,5,3,3,7,7,8,6,5,7,6,8,3,5,4,4,4,5,3,7,8,8,8,8,4,5,7,4,8,8,5,4,4,3,9,9,7,8,9,3,3,3,9,8,8,4,7,7,7,6,9,9,8,5,3,7,7,8,6,9,7,6,5,5,5,9,6,6,6
reelStrip5_2=9,9,3,3,6,7,6,7,5,9,6,6,9,4,3,3,1,8,8,4,6,9,9,5,5,8,8,7,7,6,6,8,7,5,5,9,8,7,9,6,4,9,9,8,7,6,6,9,9,8,6,9,8,4,9,9,9,7,6,9,9,8,5,5,5,3,3,7,7,8,6,5,7,6,8,3,5,4,4,4,5,3,7,8,8,8,8,4,5,7,4,8,8,5,4,4,3,9,9,7,8,9,3,3,3,9,8,8,4,7,7,7,6,9,9,8,5,3,7,7,8,6,9,7,6,5,5,5,9,6,6,6
reelStrip5_3=9,9,3,3,6,7,6,7,5,9,6,6,9,4,3,3,9,8,8,4,6,9,9,5,5,8,8,7,7,6,6,8,7,5,5,9,8,7,9,6,4,9,9,8,7,6,6,9,9,8,6,9,8,4,9,9,9,7,6,9,9,8,5,5,5,3,3,7,7,8,6,5,7,6,8,3,5,4,4,4,5,3,7,8,8,8,8,4,5,7,4,8,8,5,4,4,3,9,9,7,8,1,3,3,3,9,8,8,4,7,7,7,6,9,9,8,5,3,7,7,8,6,9,7,6,5,5,5,9,6,6,6
reelStrip5_4=9,9,3,3,6,7,6,7,5,9,6,6,9,4,3,3,9,8,8,4,6,9,1,5,5,8,8,7,7,6,6,8,7,5,5,9,8,7,9,6,4,9,9,8,7,6,6,9,9,8,6,9,8,4,9,9,9,7,6,9,9,8,5,5,5,3,3,7,7,8,6,5,7,6,8,3,5,4,4,4,5,3,7,8,8,8,8,4,5,7,4,8,8,5,4,4,3,9,9,7,8,9,3,3,3,9,8,8,4,7,7,7,6,9,9,8,5,3,7,7,8,6,9,7,6,5,5,5,9,6,6,6
reelStrip5_5=9,9,3,3,6,7,6,7,5,9,6,6,9,4,3,3,1,8,8,4,6,9,9,5,5,8,8,7,7,6,6,8,7,5,5,9,8,7,9,6,4,9,9,8,7,6,6,9,9,8,6,9,8,4,9,9,9,7,6,9,9,8,5,5,5,3,3,7,7,8,6,5,7,6,8,3,5,4,4,5,5,3,7,8,8,8,8,4,5,7,4,8,8,5,4,4,3,9,9,7,8,9,3,3,3,9,8,8,4,7,7,7,6,9,9,8,5,3,7,7,8,6,9,7,6,5,5,5,9,6,6,6,5,4,4,4
reelStrip5_6=9,9,3,3,6,7,6,7,5,9,6,6,9,4,3,3,9,8,8,1,6,9,9,5,5,8,8,7,7,6,6,8,7,5,5,9,8,7,9,6,4,9,9,8,7,6,6,9,9,8,6,9,8,4,9,9,9,7,6,9,9,8,5,5,5,3,3,7,7,8,6,5,7,6,8,3,5,4,4,5,5,3,7,8,8,8,8,4,5,7,4,8,8,5,4,4,3,9,9,7,8,9,3,3,3,3,8,8,4,7,7,7,6,9,9,8,5,3,7,7,8,6,9,7,6,5,5,5,9,6,6,6,5,4,4,4
reelStrip5_7=9,9,3,3,6,7,6,7,5,9,5,6,9,4,3,3,1,8,8,4,6,9,9,5,5,8,8,7,7,6,6,8,7,5,5,9,8,7,9,6,4,9,9,8,7,6,6,9,9,8,6,9,8,4,9,9,9,7,6,9,9,8,5,5,5,3,3,7,7,8,6,5,7,6,8,3,5,4,4,5,5,3,7,8,8,8,8,4,5,7,4,8,8,5,4,4,3,9,9,7,8,9,3,3,3,3,8,8,4,7,7,7,6,9,9,8,5,3,7,7,8,6,9,7,6,5,5,5,9,6,6,6,5,4,4,4
