reelStrip1=13,12,F,14,14,3,12,3,4,12,2,13,1,1,12,F,11,2,13,3,11,F,2,4,12,2,12,4,2,14,3,F,14,3,F,14,11,11,11,1,12,12,12,F,14,2,1,1,1,14,F,3,14,11,4,4,4,F,11,12,13,2,11,12,F,14,13,11,12,1,13,12,F,14,11,13,14,11,F,13,13,13,1,14,12,11,13,12,F,14,3,12,14,11,4,12,2,13,1,14,12,F,11,2,13,14,11,F,2,12,11,4,14,2,12,F,4,2,11,3,F,14,3,11,12,1,F,12,14,14,2,2,2,F,3,3,3,14,11,4,4,4
reelStrip2=12,12,12,F,13,13,13,4,4,4,F,12,4,13,2,3,13,F,11,3,12,13,2,12,11,W,2,12,3,4,13,F,4,13,3,12,14,13,1,14,4,12,14,F,12,11,4,12,13,F,12,14,W,W,W,1,1,F,3,3,3,13,12,F,13,4,11,11,4,W,12,4,13,2,2,2,F,13,4,12,13,12,F,4,13,12,4,F,12,4,1,12,13,14,12,F,2,12,4,13,F,12,3,13,F,11,1,1,13,2,12,11,F,4,2,12,3,4,13,F,4,13,3,14,13,1,12,4,F,12,14,F,12,13,4,W,14,14,4
reelStrip3=3,3,4,F,1,13,13,3,F,11,3,3,11,4,12,13,W,2,12,F,13,2,14,1,13,4,14,F,4,14,11,13,F,12,3,11,12,F,14,3,3,13,13,14,F,2,2,14,13,2,F,13,11,11,3,13,11,3,W,W,W,14,4,4,12,F,14,13,4,12,12,14,1,1,F,13,14,13,3,14,2,F,14,3,14,1,13,3,14,13,3,14,2,13,F,3,14,14,3,F,14,3,3,11,4,12,3,13,2,14,13,2,14,1,13,4,14,F,4,14,11,13,F,1,1,11,12,F,14,3,W,3,13,F,2,14,13,2,F,13,11,11
reelStrip4=4,4,4,1,F,12,2,3,F,14,3,11,4,3,1,4,4,F,11,4,F,11,2,2,11,13,F,4,4,11,F,2,2,2,F,11,3,3,3,11,2,13,13,13,F,14,14,W,4,12,12,F,2,11,12,4,12,W,4,4,F,11,2,W,11,14,2,11,4,4,4,1,11,11,11,F,12,2,F,3,14,1,4,4,11,F,4,11,2,2,11,W,W,W,3,13,F,11,4,4,11,F,2,2,2,F,1,1,1,11,2,13,13,13,F,14,14,W,4,12,12,12,4,2,11,4,13,11,4,12,2,11
reelStrip5=12,11,14,F,3,12,1,13,11,3,14,11,F,3,3,11,13,2,12,4,4,F,1,1,1,14,13,13,W,2,11,14,3,3,3,13,11,11,11,F,13,4,4,4,12,12,12,F,13,2,14,F,11,2,13,14,1,1,12,11,F,14,14,14,13,12,11,2,13,F,14,2,11,13,3,1,12,11,14,F,3,12,1,14,F,11,14,2,3,3,W,W,W,2,12,F,2,2,2,14,13,13,F,4,12,12,F,3,3,3,W,13,11,11,4,13,2,14,F,F,F
reelStrip6=
reelStripBonus1=13,12,F,1,12,3,4,12,13,1,4,12,F,11,2,13,3,11,F,2,12,1,12,4,2,14,3,F,14,1,12,11,11,1,14,12,12,F,14,1,2,13,11,1,14,13,F,3,14,11,4,4,F,12,13,2,11,12,F,14,13,11,12,1,4,12,14,11,F,1,11,14,1,11,13,12,F,14,3,12,14,11,4,12,2,13,1,14,12,F,11,2,13,14,11,F,1,12,11,4,14,2,12,F,4,2,11,3,F,14,3,11,12,2,F,3,3,3
reelStripBonus2=12,12,12,F,13,3,W,13,11,F,3,12,13,3,12,2,4,13,F,4,13,3,12,14,13,1,W,11,12,14,F,12,14,4,12,13,F,4,14,12,1,1,F,3,3,3,13,12,F,13,4,11,2,12,11,4,W,12,13,2,12,F,2,13,4,11,13,12,F,4,13,12,4,F,1,12,13,14,12,F,2,12,4,13,12,3,13,F,11,1,1,13,2,12,11,F,4,12,3,4,13,F,3,14,13,1,F,12,14,W,13,12,F,4,14
reelStripBonus3=3,3,4,1,13,13,3,F,11,12,3,4,11,12,13,W,2,12,F,13,2,14,1,13,4,12,F,4,12,11,13,F,3,11,12,F,14,13,W,2,14,F,2,14,13,2,F,13,11,11,W,12,11,3,13,14,4,3,F,13,12,1,13,12,14,4,1,F,14,13,2,14,13,3,14,13,3,14,2,13,F,3,14,14,3,F,12,11,4,12,13,2,14,13,2,11,13,4,14,F,4,14,11,12,1,F,14,11,3,13,F,2,14,13,2
reelStripBonus4=4,4,4,1,F,12,2,4,F,14,3,13,4,3,1,12,11,4,14,F,2,11,13,F,4,12,11,F,2,2,2,3,11,F,1,2,11,3,13,11,F,12,14,11,4,12,12,F,2,11,12,4,12,11,2,11,14,2,11,W,1,11,11,F,11,12,2,F,14,4,11,11,1,4,13,11,F,4,11,13,4,11,1,1,1,11,13,2,12,13,F,14,11,W,4,12,12,13,4,2,14,13,11,4,F,12,2,11,13,14
reelStripBonus5=12,11,14,F,3,12,1,13,11,3,14,11,F,3,13,11,3,4,2,12,14,F,1,1,1,14,13,2,11,14,3,3,3,13,11,11,11,4,F,3,13,12,4,F,13,2,14,F,2,13,14,1,11,14,1,F,12,14,2,13,14,W,2,14,11,13,3,14,11,F,3,12,1,13,14,F,3,14,11,3,2,14,12,F,1,2,12,14,F,2,2,2,13,13,4,3,13,14,F,2
reelStripBonus6=
