reelStrip1=13,7,8,9,11,1,6,7,13,8,12,7,6,11,7,6,9,8,8,13,5,11,6,9,5,11,4,13,9,11,5,9,10,1,13,11,10,5,4,11,6,9,13,4,7,9,13,7,5,11,12,13,9,8,8,8
reelStrip2=7,5,4,10,8,12,4,9,7,4,10,12,6,11,7,4,10,8,8,13,4,5,12,4,7,1,10,6,12,10,7,12,5,10,4,6,5,12,7,4,6,12,1,13,10,11,5,4,12,6,1,10,9,8,8,8
reelStrip3=7,13,1,4,7,8,0,0,0,12,4,6,11,5,4,6,1,10,5,6,7,8,8,13,0,10,6,5,4,9,6,7,12,5,7,1,11,4,7,5,4,9,8,8,8
reelStrip4=5,6,8,7,1,13,6,9,7,5,12,4,10,11,7,4,6,1,8,8,8,5,6,7,1,13,6,9,7,5,12,4,10,8,8,11,7,4,6,1
reelStrip5=6,5,7,8,12,5,1,9,6,4,13,11,7,10,8,8,8,6,5,1,7,12,1,9,6,8,8,4,13,11,7,10
reelStrip6=
reelStripBonus1=13,7,8,9,11,6,7,13,8,12,7,6,11,7,2,6,9,8,8,13,5,11,6,9,5,11,4,13,9,11,5,9,10,13,11,10,5,4,11,6,9,13,4,7,9,13,7,5,11,12,13,9,8,8,8,8,8
reelStripBonus2=7,5,4,10,8,12,2,4,9,7,4,10,8,12,6,11,7,4,10,8,8,13,4,5,12,4,7,10,6,12,10,7,12,5,10,4,6,5,12,7,4,6,12,13,10,11,5,4,12,6,10,9,8,8,8,8,8
reelStripBonus3=7,13,2,4,7,8,12,4,6,8,11,5,4,6,2,10,5,6,7,8,8,13,10,6,5,4,9,6,7,12,5,7,2,11,4,7,5,4,9,8,8,8,8,8
reelStripBonus4=5,6,8,7,13,6,9,8,7,5,2,12,4,10,8,8,11,7,4,6,8,8,8,8,8
reelStripBonus5=6,5,7,8,12,5,2,9,8,6,4,13,8,8,11,7,10,8,8,8,8,8,6,5,7,8,12,9,8,6,4,13,8,8,11,7,10,8,8,8,8,8
reelStripBonus6=