reelStrip1=5,7,1,2,7,6,3,4,5,10,2,4,1,2,1,5,2,6,8,1,4,7,1,6,3,5,1,2,6,8,2,1,8,5,10,4,3,6,1,3,2,1,2,6,10,1,5,7,2,3,8,2,5,4,6,2,1
reelStrip2=9,2,8,4,6,2,5,6,3,2,10,1,3,6,4,7,3,6,2,5,1,3,10,2,4,6,3,5,2,1,9,1,7,3,5,1,6,5,4,1,10,2,4,5,3,8,4,5,1,6,2,4,10,1,3,5,4,6,1,2
reelStrip3=9,4,5,1,3,8,4,2,10,1,7,3,5,2,3,5,8,2,6,3,10,1,3,8,4,2,7,9,3,6,2,4,7,3,1,10,2,8,4,6,1,4,6,7,1,5,4,10,2,4,7,3,1,3
reelStrip4=9,2,3,8,7,1,3,7,2,4,10,1,4,7,2,4,1,2,5,4,7,6,3,10,2,8,1,7,3,4,8,2,4,6,1,2,8,4,7,1,5,7,4,3
reelStrip5=9,1,2,6,1,8,2,6,3,8,10,7,4,6,7,1,3,6,1,7,5,4,8,3,1,3,7,2,9,2,1,5,2,7,1,5,10,4,7,8,3,5,8,2,4,5,2,8,6,3,7,4,2,4,8,1
reelStrip6=
reelStripBonus1=8,6,6,6,7,7,6,6,5,10,5,7,7,6,6,5,5,5,5,7,7,6,6,5,10,5,5,7,7,5,5,5,8,8,5,5,6,6,8,8,10,5,5,6,6,6,6,8,8,5,5,6,6,6,8
reelStripBonus2=6,5,8,10,6,5,7,6,10,6,6,5,5,6,6,6,10,5,8,8,7,6,5,5,5,5,6,6,5,5,6,7,10,5,6,8,5,10,5,5,6,6,5,5,5,10,6,7,7,8,5,6,6,6,6,5,5,5
reelStripBonus3=5,5,8,10,8,8,7,7,7,8,8,7,7,8,8,5,5,5,6,8,8,6,8,8,5,5,5,5,6,6,7,10,7,7,8,8,8,7,7,8,8,7,7,6,6,6,5,7,7,5,7,7,6,6,6,6
reelStripBonus4=8,7,8,7,7,7,7,10,6,8,8,8,7,7,10,8,7,7,8,8,7,7,8,8,5,5,10,5,6,7,8,7,8,8,8,8,10,5,7,7,7,6,6,10,7,8,8,7,7,8,8,7,7,6,6,10,6,5
reelStripBonus5=7,8,8,7,7,6,6,8,8,8,10,8,7,7,6,6,7,7,8,8,7,7,6,6,5,5,7,7,8,7,7,8,10,8,6,6,7,7,7,7,8,8,5,5,8,8,7,7,8,10,8,5,5,6,6,8,8
reelStripBonus6=