reelStrip1=2,12,16,5,4,4,5,15,2,2,2,3,16,5,5,5,14,3,3,3,12,F,1,1,1,F,11,3,13,4,12,2,2,3,15,2,3,4,12,2,4,11,3,4,4,4,3,14,13,2,4,3,5,4,F
reelStrip2=3,5,4,F,1,1,1,F,4,4,4,3,3,3,1,13,W,14,5,3,3,12,5,2,2,2,5,5,5,16,3,15,4,12,F,1,4,13,5,15,1,F,11,5,3,4,5,14,4,W,16,11,5,12,4,3,11,4,12,3
reelStrip3=13,5,W,14,11,F,4,5,5,3,4,4,4,F,3,2,2,2,16,W,15,4,5,12,4,4,3,3,3,F,12,3,3,15,5,12,2,11,5,5,5,16,2,11,4,W,14,2,4,13,2,F,1,1,1,F,5,11,3,12,5,3
reelStrip4=3,15,14,12,4,4,4,F,1,5,5,5,F,12,14,W,15,13,5,11,3,3,3,16,4,4,15,11,2,16,3,W,12,3,15,2,2,2,16,F,1,1,1,F,11,12,4,11,5,5,4,16,14,2,16,13,15,5,W,4,4,3
reelStrip5=16,3,13,3,11,13,2,2,2,16,15,F,1,1,1,F,14,5,15,4,4,16,11,2,14,12,1,15,13,5,5,5,16,11,1,12,15,2,13,12,4,4,4,11,3,3,3,11,1,12,14,5,11,5,12,16,3,14,12,2,4,14,4,16,5,5,13,4
reelStrip6=
reelStripBonus1=5,5,5,4,2,2,2,4,12,12,F,4,5,12,4,2,1,4,2,13,16,5,2,4,4,2,11,15,3,3,F,4,5,5,4,3,3,3,4,4,4,1,1,1,13,15,4,2,3,3,14,14,4,4
reelStripBonus2=3,12,2,W,5,5,F,3,15,14,4,4,5,5,W,13,5,4,4,4,F,2,2,2,5,16,2,2,4,5,5,4,11,12,F,3,W,W,W,12,5,4,W,14,3,3,3,13,4,F,1,1,1,F,4,2
reelStripBonus3=4,5,W,12,12,W,5,5,W,4,4,W,5,4,W,W,W,3,F,W,11,4,W,W,16,4,W,F,4,W,13,4,W,3,3,W,F,15,W,3,W,4,W,14,4,W,2,2,W,F,1,W,1,F,W,2,13,W
reelStripBonus4=3,2,12,15,W,3,3,5,5,5,W,1,W,14,14,W,5,3,3,F,5,15,W,4,4,F,1,1,1,F,4,3,16,2,2,W,W,W,1,F,4,13,2,2,11,W,5,12,12,W,3,3,3,2,4,13,W,13
reelStripBonus5=3,4,12,12,4,1,5,3,1,16,3,3,4,5,5,1,1,1,11,4,4,4,5,5,15,15,5,5,3,4,5,5,4,3,5,4,1,1,4,14,5,4,F,3,3,3,5,12,14,4,4,3,2,2,13,13,1,1,4,2,F
reelStripBonus6=
