reelStrip1=6,9,9,9,9,8,7,7,7,10,3,10,10,10,5,11,7,1,3,3,3,4,6,6,6,8,8,8,11,11,11,11,8,9,4,9,10,3,10,3,9,10,3,1,3,5,3,4,7,4,3,9,4,9,3,10,11,9,3,9,3,7,8,9,3,4,10,4,11,4,3,8,4,9,4,7,3,10,3,9,10,11,4,3,8,3,8,3,10,4,9,3,4,3,1,9,3,10,9,3,10,3,10,7,9,8,10,8,9,3,10,9,8,3,7,10,7,9
reelStrip2=10,7,7,7,7,6,8,11,11,11,9,5,5,5,3,1,10,10,10,11,8,8,8,5,4,9,9,9,5,7,5,4,9,3,8,3,9,5,11,3,9,4,7,8,11,6,9,8,3,7,5,6,11,7,9,11,11,7,9,5,7,9,6,7,4,3,9,3,5,3,8,3,11,6,5,8,11,11,6,7,9,8,11,9,5,11,3,9,11,8,7,5,4,7,3,8,9,11,11,4,8,9,8,5,9,5,3,4,11,3,9,11,11,5,8,7,5,3,11,3,9,5,8,9,11,11,9,5,8,11
reelStrip3=8,8,8,4,8,10,9,4,4,4,11,6,6,6,6,7,10,10,10,1,7,7,7,3,5,9,9,9,3,3,3,11,11,11,4,9
reelStrip4=7,9,8,7,7,7,3,5,4,9,9,9,1,5,5,5,11,6,3,3,3,10,8,8,8,10,10,10,11,11,11,10,9,10,5,9,3,4,9,10,9,11,11,11,4,5,10,9,11,3,5,4,9,5,10,9,3,10,9,5,1,10,9,11,9,5,10,5,3,9,3,11,4,3,10,1,8,11,9,5,8,5,11,9,10,8,9,10,11,10,3,4,11,9,10,5,9,8,10,11,1,3,10,9,3,8,9,11,10,9,11,4,5
reelStrip5=5,8,6,10,10,10,11,5,5,5,4,9,11,11,11,7,3,4,4,4,10,1,8,8,8,6,6,6,10,11,10,4,1,6,10,4,8,10,6,4,10,6,7,11,10,4
reelStrip6=
reelStripBonus1=6,6,6,1,5,3,9,8,7,4,6,3,5,10,4,9,7,9,5,4
reelStripBonus2=9,3,10,10,10,6,8,1,6,4,8,8,8,10,7,5,6,3,9,8,10,8,7,10,1,5,3,10,3,10
reelStripBonus3=6,6,6,1,8,8,8,8,4,7,10,9,5,10,9,6,7,10,3,8,9,7,3,8,5,6,8,9,8,5,8,9,4,8,1,9,3,5,8,1,9,4,9,10,5,8,7,5,8
reelStripBonus4=10,5,9,6,8,8,8,8,5,1,3,8,9,7,10,4,8,1,8,3,5,8,4,6
reelStripBonus5=10,3,7,5,1,8,3,9,8,8,8,5,4,6,10,7,1,6,8,3,5,8,5,8,6,4,5,1,8,1,3,4,3,6,8,1,3,8,6,4,1,7,1,9,5,4,8,6,3,4
reelStripBonus6=