reelStrip1_1=9,8,10,5,10,13,5,7,13,8,12,5,4,7,7,3,4,9,9,8,5,5,12,3,3,6,6,4,4,11,11,13,4,8,8,13,3,9,7,11,13,7,6,11,7,12,9,13,13,3,8,6,12,13,4,11,7,8,11,10,10,3,6,12,10,12,5,6,11,10,6,10,13,9,10,7,12,8,12,11,9,11,8,9,13,12,5,9,6,10,4
reelStrip1_2=4,6,9,9,1,11,11,13,2,7,8,8,12,6,10,2,3,13,7,11,9,3,9,12,8,6,5,5,3,7,11,13,8,1,5,8,9,4,6,10,4,4,13,13,1,5,10,10,3,6,9,11,1,10,6,4,12,2,6,6,4,9,13,8,1,3,10,12,12,11,5,3,12,13,2,4,12,7,7,10,13,9,2,11,5,5,9,8,1,6,7,11,2,10,12,10,8,1,7,4,13,12,7,8
reelStrip1_3=4,12,9,13,11,6,2,7,4,4,5,8,3,12,9,9,1,8,11,8,10,11,2,12,4,3,10,11,12,5,1,8,6,4,13,13,13,11,11,2,6,8,3,7,10,5,5,3,10,7,6,6,4,1,3,6,7,10,9,13,1,12,5,12,12,2,8,8,5,12,11,9,2,6,7,13,13,4,6,2,7,13,12,3,6,7,7,10,10,8,1,5,10,8,7,13,9,9,13,11,1,9,9,10,11
reelStrip1_4=13,6,13,7,7,10,6,1,8,9,9,6,10,2,12,13,10,10,8,11,2,12,6,5,13,7,2,5,9,5,4,1,11,11,11,12,12,4,7,4,6,8,1,9,13,13,12,6,3,10,5,10,7,3,8,4,9,3,4,6,6,12,1,8,8,12,7,3,10,10,9,11,2,12,10,5,9,2,13,11,8,11,11,2,13,9,5,5,3,12,9,8,11,3,7,4,4,13,6,7,13,8,12,4,5,7,11
reelStrip1_5=13,8,10,13,5,13,5,5,9,11,10,6,13,6,10,10,11,9,9,13,13,11,6,3,8,10,7,7,5,3,12,7,10,4,12,12,11,8,11,13,12,4,6,8,11,6,6,3,8,12,7,13,4,6,9,3,12,4,4,9,12,11,11,7,8,8,10,5,4,12,3,13,7,11,6,9,8,7,3,9,10,5,9,7,4,12,10,9,8
reelStrip1_6=

reelStrip2_1=9,8,10,5,10,13,5,7,7,13,8,12,12,5,4,7,3,4,9,8,5,12,3,6,4,11,13,4,8,13,3,9,7,11,13,7,6,11,7,12,9,13,3,8,8,6,12,13,13,4,11,7,8,11,10,3,6,12,10,12,5,5,6,6,11,10,6,10,13,9,10,7,12,8,12,11,9,11,8,9,13,12,5,9,6,10,4
reelStrip2_2=4,6,9,1,11,11,13,2,7,8,12,6,10,2,3,13,7,11,9,3,9,12,8,6,6,5,5,3,3,7,11,13,8,1,5,8,9,4,6,10,4,13,13,1,5,10,3,6,9,9,11,1,10,6,4,12,2,6,6,4,9,13,8,1,3,10,12,12,11,5,3,12,13,13,13,2,4,12,7,7,10,13,9,2,11,5,5,9,8,1,6,7,11,2,10,12,10,8,1,7,4,13,12,7,8
reelStrip2_3=4,12,9,13,11,6,2,7,4,5,8,3,12,9,1,8,11,8,10,11,2,12,4,3,10,11,12,5,1,8,6,4,13,11,11,2,6,8,3,7,10,5,5,3,10,10,7,6,4,1,3,6,7,10,9,13,1,12,5,12,2,8,5,12,11,9,2,6,7,13,13,4,6,6,2,7,13,12,3,6,7,10,8,1,5,10,8,7,7,13,9,9,13,11,1,9,9,10,11
reelStrip2_4=13,6,13,7,10,6,1,8,9,6,10,2,12,13,10,8,11,2,12,6,5,13,7,2,5,9,5,4,1,11,12,12,4,7,4,6,8,8,1,9,13,13,6,3,10,5,10,7,3,8,4,9,3,4,6,12,1,8,12,7,7,3,10,10,9,9,11,2,12,10,5,9,2,13,11,8,11,2,13,9,5,3,12,9,8,11,3,7,4,4,13,6,7,13,8,12,4,5,7,11
reelStrip2_5=13,8,10,13,5,13,5,5,9,11,10,6,13,6,10,11,9,13,11,11,6,3,8,10,10,7,5,3,12,7,10,4,4,12,11,8,11,13,12,4,6,8,11,6,6,6,3,8,12,7,7,13,4,6,9,3,12,4,9,9,12,11,7,8,10,5,4,12,3,13,7,11,6,9,8,7,3,9,10,5,9,7,4,12,10,9,8
reelStrip2_6=

reelStrip3_1=9,8,10,5,10,13,5,7,7,13,8,12,12,5,4,7,3,4,9,8,5,12,3,6,4,11,13,4,8,13,3,9,7,11,13,7,6,11,7,12,9,13,3,8,8,6,12,13,13,4,11,7,8,11,10,3,6,12,10,12,5,5,6,6,11,10,6,10,13,9,10,7,12,8,12,11,9,11,8,9,13,12,5,9,6,10,4
reelStrip3_2=4,6,9,1,11,11,13,2,7,8,12,6,10,2,3,13,7,11,9,3,9,12,8,6,6,5,5,3,3,7,11,13,8,1,5,8,9,4,6,10,4,13,13,1,5,10,3,6,9,9,11,1,10,6,4,12,2,6,6,4,9,13,8,1,3,10,12,12,11,5,3,12,13,13,13,2,4,12,7,7,10,13,9,2,11,5,5,9,8,1,6,7,11,2,10,12,10,8,1,7,4,13,12,7,8
reelStrip3_3=4,12,9,13,11,6,2,7,4,5,8,3,12,9,1,8,11,8,10,11,2,12,4,3,10,11,12,5,1,8,6,4,13,11,11,2,6,8,3,7,10,5,5,3,10,10,7,6,4,1,3,6,7,10,9,13,1,12,5,12,2,8,5,12,11,9,2,6,7,13,13,4,6,6,2,7,13,12,3,6,7,10,8,1,5,10,8,7,7,13,9,9,13,11,1,9,9,10,11
reelStrip3_4=13,6,13,7,10,6,1,8,9,6,10,2,12,13,10,8,11,2,12,6,5,13,7,2,5,9,5,4,1,11,12,12,4,7,4,6,8,8,1,9,13,13,6,3,10,5,10,7,3,8,4,9,3,4,6,12,1,8,12,7,7,3,10,10,9,9,11,2,12,10,5,9,2,13,11,8,11,2,13,9,5,3,12,9,8,11,3,7,4,4,13,6,7,13,8,12,4,5,7,11
reelStrip3_5=13,8,10,13,5,13,5,5,9,11,10,6,13,6,10,11,9,13,11,11,6,3,8,10,10,7,5,3,12,7,10,4,4,12,11,8,11,13,12,4,6,8,11,6,6,6,3,8,12,7,7,13,4,6,9,3,12,4,9,9,12,11,7,8,10,5,4,12,3,13,7,11,6,9,8,7,3,9,10,5,9,7,4,12,10,9,8
reelStrip3_6=

reelStrip4_1=9,8,10,5,10,13,5,7,7,13,8,12,12,5,4,7,3,4,9,8,5,12,3,6,4,11,13,4,8,13,3,9,7,11,13,7,6,11,7,12,9,13,3,8,8,6,12,13,13,4,11,7,8,11,10,3,6,12,10,12,5,5,6,6,11,10,6,10,13,9,10,7,12,8,12,11,9,11,8,9,13,12,5,9,6,10,4
reelStrip4_2=4,6,9,1,11,11,13,2,7,8,12,6,10,2,3,13,7,11,9,3,9,12,8,6,6,5,5,3,3,7,11,13,8,1,5,8,9,4,6,10,4,13,13,1,5,10,3,6,9,9,11,1,10,6,4,12,2,6,6,4,9,13,8,1,3,10,12,12,11,5,3,12,13,13,13,2,4,12,7,7,10,13,9,2,11,5,5,9,8,1,6,7,11,2,10,12,10,8,1,7,4,13,12,7,8
reelStrip4_3=4,12,9,13,11,6,2,7,4,5,8,3,12,9,1,8,11,8,10,11,2,12,4,3,10,11,12,5,1,8,6,4,13,11,11,2,6,8,3,7,10,5,5,3,10,10,7,6,4,1,3,6,7,10,9,13,1,12,5,12,2,8,5,12,11,9,2,6,7,13,13,4,6,6,2,7,13,12,3,6,7,10,8,1,5,10,8,7,7,13,9,9,13,11,1,9,9,10,11
reelStrip4_4=13,6,13,7,10,6,1,8,9,6,10,2,12,13,10,8,11,2,12,6,5,13,7,2,5,9,5,4,1,11,12,12,4,7,4,6,8,8,1,9,13,13,6,3,10,5,10,7,3,8,4,9,3,4,6,12,1,8,12,7,7,3,10,10,9,9,11,2,12,10,5,9,2,13,11,8,11,2,13,9,5,3,12,9,8,11,3,7,4,4,13,6,7,13,8,12,4,5,7,11
reelStrip4_5=13,8,10,13,5,13,5,5,9,11,10,6,13,6,10,11,9,13,11,11,6,3,8,10,10,7,5,3,12,7,10,4,4,12,11,8,11,13,12,4,6,8,11,6,6,6,3,8,12,7,7,13,4,6,9,3,12,4,9,9,12,11,7,8,10,5,4,12,3,13,7,11,6,9,8,7,3,9,10,5,9,7,4,12,10,9,8
reelStrip4_6=

reelStrip5_1=9,8,10,5,10,13,5,7,7,13,8,12,12,5,4,7,3,4,9,8,5,12,3,6,4,11,13,4,8,13,3,9,7,11,13,7,6,11,7,12,9,13,3,8,8,6,12,13,13,4,11,7,8,11,10,3,6,12,10,12,5,5,6,6,11,10,6,10,13,9,10,7,12,8,12,11,9,11,8,9,13,12,5,9,6,10,4
reelStrip5_2=4,6,9,1,11,11,13,2,7,8,12,6,10,2,3,13,7,11,9,3,9,12,8,6,6,5,5,3,3,7,11,13,8,1,5,8,9,4,6,10,4,13,13,1,5,10,3,6,9,9,11,1,10,6,4,12,2,6,6,4,9,13,8,1,3,10,12,12,11,5,3,12,13,13,2,4,12,7,7,10,13,9,2,11,5,5,9,8,1,6,7,11,2,10,12,10,8,1,7,4,13,12,7,8
reelStrip5_3=4,12,9,13,11,6,2,7,4,5,8,3,12,9,1,8,11,8,10,11,2,12,4,3,10,11,12,5,1,8,6,4,13,11,11,2,6,8,3,7,10,5,5,3,10,10,7,6,4,1,3,6,7,10,9,13,1,12,5,12,2,8,5,12,11,9,2,6,7,13,13,4,6,6,2,7,13,12,3,6,7,10,8,1,5,10,8,7,7,13,9,9,13,11,1,9,9,10,11
reelStrip5_4=13,6,13,7,10,6,1,8,9,6,10,2,12,13,10,8,11,2,12,6,5,13,7,2,5,9,5,4,1,11,12,12,4,7,4,6,8,8,1,9,13,13,6,3,10,5,10,7,3,8,4,9,3,4,6,12,1,8,12,7,7,3,10,10,9,9,11,2,12,10,5,9,2,13,11,8,11,2,13,9,5,3,12,9,8,11,3,7,4,4,13,6,7,13,8,12,4,5,7,11
reelStrip5_5=13,8,10,13,5,13,5,5,9,11,10,6,13,6,10,11,9,13,11,11,6,3,8,10,10,7,5,3,12,7,10,4,4,12,11,8,11,13,12,4,6,8,11,6,6,3,8,12,7,7,13,4,6,9,3,12,4,9,9,12,11,7,8,10,5,4,12,3,13,7,11,6,9,8,7,3,9,10,5,9,7,4,12,10,9,8
reelStrip5_6=

reelStrip6_1=9,8,10,5,10,13,5,7,7,13,8,12,12,5,4,7,3,4,9,8,5,12,3,6,4,11,13,4,8,13,3,9,7,11,13,7,6,11,7,12,9,13,3,8,8,6,12,13,13,4,11,7,8,11,10,3,6,12,10,12,5,5,6,6,11,10,6,10,13,9,10,7,12,8,12,11,9,11,8,9,13,12,5,9,6,10,4
reelStrip6_2=4,6,9,1,11,11,13,2,7,8,12,6,10,2,3,13,7,11,9,3,9,12,8,6,6,5,5,3,3,7,11,13,8,1,5,8,9,4,6,10,4,13,13,1,5,10,3,6,9,9,11,1,10,6,4,12,2,6,6,4,9,13,8,1,3,10,12,12,11,5,3,12,13,13,2,4,12,7,7,10,13,9,2,11,5,5,9,8,1,6,7,11,2,10,12,10,8,1,7,4,13,12,7,8
reelStrip6_3=4,12,9,13,11,6,2,7,4,5,8,3,12,9,1,8,11,8,10,11,2,12,4,3,10,11,12,5,1,8,6,4,13,11,11,2,6,8,3,7,10,5,5,3,10,10,7,6,4,1,3,6,7,10,9,13,1,12,5,12,2,8,5,12,11,9,2,6,7,13,13,4,6,6,2,7,13,12,3,6,7,10,8,1,5,10,8,7,7,13,9,9,13,11,1,9,9,10,11
reelStrip6_4=13,6,13,7,10,6,1,8,9,6,10,2,12,13,10,8,11,2,12,6,5,13,7,2,5,9,5,4,1,11,12,12,4,7,4,6,8,8,1,9,13,13,6,3,10,5,10,7,3,8,4,9,3,4,6,12,1,8,12,7,7,3,10,10,9,9,11,2,12,10,5,9,2,13,11,8,11,2,13,9,5,3,12,9,8,11,3,7,4,4,13,6,7,13,8,12,4,5,7,11
reelStrip6_5=13,8,10,13,5,13,5,5,9,11,10,6,13,6,10,11,9,13,11,11,6,3,8,10,10,7,5,3,12,7,10,4,4,12,11,8,11,13,12,4,6,8,11,6,6,3,8,12,7,7,13,4,6,9,3,12,4,9,9,12,11,7,8,10,5,4,12,3,13,7,11,6,9,8,7,3,9,10,5,9,7,4,12,10,9,8
reelStrip6_6=

reelStrip7_1=9,8,10,5,10,13,5,7,7,13,8,12,12,5,4,7,3,4,9,8,5,12,3,6,4,11,13,4,8,13,3,9,7,11,13,7,6,11,7,12,9,13,3,8,8,6,12,13,13,4,11,7,8,11,10,3,6,12,10,12,5,5,6,6,11,10,6,10,13,9,10,7,12,8,12,11,9,11,8,9,13,12,5,9,6,10,4
reelStrip7_2=4,6,9,1,11,11,13,2,7,8,12,6,10,2,3,13,7,11,9,3,9,12,8,6,6,5,5,3,3,7,11,13,8,1,5,8,9,4,6,10,4,13,13,1,5,10,3,6,9,9,11,1,10,6,4,12,2,6,6,4,9,13,8,1,3,10,12,12,11,5,3,12,13,13,2,4,12,7,7,10,13,9,2,11,5,5,9,8,1,6,7,11,2,10,12,10,8,1,7,4,13,12,7,8
reelStrip7_3=4,12,9,13,11,6,2,7,4,5,8,3,12,9,1,8,11,8,10,11,2,12,4,3,10,11,12,5,1,8,6,4,13,11,11,2,6,8,3,7,10,5,5,3,10,10,7,6,4,1,3,6,7,10,9,13,1,12,5,12,2,8,5,12,11,9,2,6,7,13,13,4,6,6,2,7,13,12,3,6,7,10,8,1,5,10,8,7,7,13,9,9,13,11,1,9,9,10,11
reelStrip7_4=13,6,13,7,10,6,1,8,9,6,10,2,12,13,10,8,11,2,12,6,5,13,7,2,5,9,5,4,1,11,12,12,4,7,4,6,8,8,1,9,13,13,6,3,10,5,10,7,3,8,4,9,3,4,6,12,1,8,12,7,7,3,10,10,9,9,11,2,12,10,5,9,2,13,11,8,11,2,13,9,5,3,12,9,8,11,3,7,4,4,13,6,7,13,8,12,4,5,7,11
reelStrip7_5=13,8,10,13,5,13,5,5,9,11,10,6,13,6,10,11,9,13,11,11,6,3,8,10,10,7,5,3,12,7,10,4,4,12,11,8,11,13,12,4,6,8,11,6,6,3,8,12,7,7,13,4,6,9,3,12,4,9,9,12,11,7,8,10,5,4,12,3,13,7,11,6,9,8,7,3,9,10,5,9,7,4,12,10,9,8
reelStrip7_6=

reelStrip8_1=9,8,10,5,10,13,5,7,7,13,8,12,12,5,4,7,3,4,9,8,5,12,3,6,4,11,13,4,8,13,3,9,7,11,13,7,6,11,7,12,9,13,3,8,8,6,12,13,13,4,11,7,8,11,10,3,6,12,10,12,5,5,6,6,11,10,6,10,13,9,10,7,12,8,12,11,9,11,8,9,13,12,5,9,6,10,4
reelStrip8_2=4,6,9,1,11,11,13,2,7,8,12,6,10,2,3,13,7,11,9,3,9,12,8,6,6,5,5,3,3,7,11,13,8,1,5,8,9,4,6,10,4,13,13,1,5,10,3,6,9,9,11,1,10,6,4,12,2,6,6,4,9,13,8,1,3,10,12,12,11,5,3,12,13,13,2,4,12,7,7,10,13,9,2,11,5,5,9,8,1,6,7,11,2,10,12,10,8,1,7,4,13,12,7,8
reelStrip8_3=4,12,9,13,11,6,2,7,4,5,8,3,12,9,1,8,11,8,10,11,2,12,4,3,10,11,12,5,1,8,6,4,13,11,11,2,6,8,3,7,10,5,5,3,10,10,7,6,4,1,3,6,7,10,9,13,1,12,5,12,2,8,5,12,11,9,2,6,7,13,13,4,6,6,2,7,13,12,3,6,7,10,8,1,5,10,8,7,7,13,9,9,13,11,1,9,9,10,11
reelStrip8_4=13,6,13,7,10,6,1,8,9,6,10,2,12,13,10,8,11,2,12,6,5,13,7,2,5,9,5,4,1,11,12,12,4,7,4,6,8,8,1,9,13,13,6,3,10,5,10,7,3,8,4,9,3,4,6,12,1,8,12,7,7,3,10,10,9,9,11,2,12,10,5,9,2,13,11,8,11,2,13,9,5,3,12,9,8,11,3,7,4,4,13,6,7,13,8,12,4,5,7,11
reelStrip8_5=13,8,10,13,5,13,5,5,9,11,10,6,13,6,10,11,9,13,11,11,6,3,8,10,10,7,5,3,12,7,10,4,4,12,11,8,11,13,12,4,6,8,11,6,6,3,8,12,7,7,13,4,6,9,3,12,4,9,9,12,11,7,8,10,5,4,12,3,13,7,11,6,9,8,7,3,9,10,5,9,7,4,12,10,9,8
reelStrip8_6=
