reelStrip1=15,15,5,12,14,2,15,2,11,15,4,14,2,2,13,4,14,2,12,4,11,5,12,15,4,15,11,5,15,14,1,15,14,3,14,3,15,3,11,15,4,14,2,11,5,13,4,14,1,12,4,11,5,12,13,4,15,11,5,15,14,1,15,5,5,14,3,15,2,2,15,4,14,2,11,5,13,4,14,1,12,4,11,5,12,13,4,15,11,5,15,14,1,15,12,5,14,3,15,2,11,15,4,14,2,11,5,13,4,14,1,12,4,11,5,12,13,4,15,11,5,15,14,1,15,12,5,14,3,15,2,11,15,4,14,2,11,5,13,4,14,1,12,4,11,5,12,13,4,15,11,5,15,14,1,15,12,5,14,3,15,2,11,15,4,14,2,11,5,13,4,14,1,12,4,11,5,12,13,4,15,11,5,15,14,1,15,12,5,14,3,15,2,11,15,4,14,2,11,5,13,4,14,1,12,4,11,5,12,13,4,15,11,5,15,14,1,15,12,5,14,3,15,2,11,15,4,14,2,11,5,13,4,14,1,12,4,11,5,12,13,4,15,11,5,5
reelStrip2=1,13,12,W,14,13,3,11,11,W,14,13,F,11,11,3,3,11,12,3,11,11,F,12,13,13,W,14,W,14,15,F,11,15,4,14,W,5,11,4,14,3,3,12,11,2,12,13,4,15,11,3,13,14,3,14,14,2,11,14,W,12,11,3,12,12,F,11,11,3,14,13,4,15,5,F,13,13,1,13,13,5,14,11,3,3,11,15,3,14,3,F,13,14,4,12,12,F,13,14,1,13,12,5,14,3,13,2,11,13,4,14,2,11,13,4,14,1,12,11,F,12,13,4,11,11,1,12,12,F,3,13,2,13,14,2,11,11,4,13,14,1,11,11,F,13,11,4,13,14,1,12,12,F,F,11,2,14,11,5,12,13,4,15,11,5,13,14,1,15,12,5,14,14,2,11,11,1,13,13,4,11,13,5,11,13,3,15,14,1,14,12,4,14,14,3,13,15,2,11,11,4,13,11,F,12,14,4,12,12,3,13,13,4,11,14,3,15,13,4,14,13,1,11,15,F,F,14,15,5,14,2,14,14,F,13,13,3,13,15,3,13,14,1,13,12,F,14,11,4,13,F,11,11
reelStrip3=12,F,15,15,W,12,W,15,12,5,13,5,15,2,2,15,15,5,W,2,13,13,2,12,F,14,4,13,15,15,W,12,12,2,13,F,15,12,3,13,4,15,2,15,3,W,5,13,12,3,14,13,2,12,2,F,4,15,2,12,F,15,12,1,13,3,15,12,5,13,5,15,2,2,11,3,13,5,15,3,14,13,2,12,14,4,13,2,15,3,12,W,15,W,11,1,13,3,15,12,5,13,5,15,W,2,15,F,15,5,13,11,3,14,13,2,12,F,13,3,15,2,12,F,15,11,1,13,3,15,12,5,13,5,15,2,14,F,15,5,13,11,3,14,13,2,12,F,4,13,14,2,12,F,15,11,1,13,3,15,12,5,13,4,15,2,14,3,15,5,13,11,3,14,13,2,12,F,14,4,13,15,2,12,F,11,1,13,3,15,15,5,13,4,15,2,F,3,15,5,13,11,3,14,13,2,12,14,4,13,15,2,12,F,F,11,1,13,3,15,13,5,14,4,15,2,F,3,15,5,13,11,3,13,13,2,12,14,4,13,3,13,W,11,15,2
reelStrip4=12,4,14,12,13,14,1,15,1,12,5,14,F,11,3,12,12,5,14,F,13,13,3,3,15,4,12,14,5,12,12,W,14,3,13,5,14,F,15,1,12,5,14,3,12,W,W,12,2,11,5,14,F,13,13,W,15,15,4,13,14,5,12,12,W,14,2,13,5,15,3,15,1,14,F,5,12,12,F,11,5,14,F,13,14,3,11,11,4,13,14,5,12,12,12,2,14,13,5,14,3,15,1,12,F,5,12,12,2,11,5,14,F,13,14,3,11,11,4,13,14,5,12,12,4,14,2,13,5,14,3,15,1,12,5,14,3,12,2,11,5,14,F,13,14,3,15,15,4,13,14,5,15,12,4,12,2,13,5,14,3,3,11,12,14,3,12,2,11,5,14,F,F,13,14,3,11,15,4,4,13,14,5,15,F,14,2,13,5,14,3,15,1,12,5,12,3,12,2,11,5,14,F,13,14,1,11,15,4,13,14,2,15,12,4,14,5,5,14,F,15,15,1,12,5,14,3,12,2,11,5,14,F,F,F,13,11,15,4,13,5,14,F,12,4,12,2,13,15,3,15,1,12,5,14
reelStrip5=1,13,5,11,13,3,14,3,12,4,13,3,15,15,3,14,1,1,1,14,15,5,12,1,14,W,W,13,W,13,4,11,5,14,4,13,5,11,3,3,14,3,3,11,13,3,3,4,15,W,11,1,13,4,4,4,12,1,14,2,13,14,4,15,15,2,15,5,11,13,3,15,4,4,13,3,3,11,4,15,4,11,1,13,4,4,4,12,1,14,13,2,12,11,2,15,1,1,1,11,14,3,3,15,2,12,4,13,3,11,4,15,2,11,1,13,4,15,5,12,2,2,2,13,11,2,15,1,13,5,11,13,3,15,2,12,4,13,3,11,4,15,2,11,1,13,4,15,5,12,1,14,13,2,14,11,2,15,1,13,5,11,13,3,15,2,12,4,13,3,11,4,15,2,11,1,13,4,15,5,12,1,14,2,13,13,13,2,15,1,13,5,11,13,3,15,2,12,4,13,3,11,4,15,2,11,1,13,4,15,5,12,1,14,13,2,14,11,2,15,1,13,5,11,13,13,2,12,4,13,3,11,4,15,2,11,1,1,15,5,12,13,2,2,13,4,14
reelStrip6=
reelStripBonus1=12,5,15,11,5,15,15,4,13,14,3,15,2,2,2,11,15,4,4,14,14,14,13,5,12,4,11,5,12,12,5,15,11,5,15,14,1,15,14,3,3,3,15,2,11,13,13,13,2,11,4,4,4,14,1,15,4,11,5,12,12,5,15,11,5,15,14,1,15,5,5,5,14,3,15,2,2,15,4,14,2,11,4,14,1,13,4,11,5,12,12,5,15,11,5,15,14,1,15,13,4,14,3,15,2,11,15,4,14,2,11,4,13,4,14,1,12,4,11,5,12,12,5,15,11,4,15,14,1,15,14,5,14,11,15,15,4,14,2,11,5,13,4,14,1,12,4,11,5,12
reelStripBonus2=1,13,12,W,14,3,12,11,W,W,11,13,3,11,11,3,12,12,11,W,12,11,W,W,12,1,5,14,3,13,11,F,13,13,F,13,13,15,W,14,14,3,3,3,14,14,3,4,13,F,13,4,11,14,14,1,12,11,2,4,13,F,13,13,11,11,3,4,13,F,13,4,F,13,4,3,14,14,3,14,14,1,12,12,12,11,11,11,F,11,4,13,F,13,4,F,11,11,1,15,12,3,15,15,2,2,15,14,14,2,11,11,14,15,14,1,11,13,12,11,11,3,14,14,2,11,5,5,14,14,1,12,11,4,13,F,13,13,15,11,5,13,14,14,12,5,15,13,2,4,13,F,13,4,F,13,4,5
reelStripBonus3=2,2,F,15,15,12,W,13,3,3,12,5,13,4,4,4,14,3,13,5,11,11,3,13,12,12,12,13,2,2,F,15,15,13,3,11,12,5,13,5,15,11,11,15,5,13,W,13,3,13,2,12,4,14,W,13,12,3,15,14,W,W,11,3,13,15,15,F,2,15,F,15,2,13,3,12,5,5,12,13,5,14,3,3,15,F,15,2,13,11,3,13,5,12,14,4,13,15,3,15,F,15,2,F,15,2,1,13,3,15,F,15,2,1,14,2,12,2,15,F,15,2,12,W,14,4,13,2,2,F,15,15,W,15,W,12,12,5,13,5,15,1,1,14,14,5,13,13,13,11,3,14,4,13,13
reelStripBonus4=1,14,3,11,15,4,13,5,15,12,4,12,2,13,5,13,3,15,5,12,5,13,13,4,4,4,13,12,12,15,15,15,12,5,12,3,12,W,11,1,14,F,14,14,3,3,15,4,12,5,5,5,W,1,14,F,14,14,13,3,15,12,12,13,11,W,W,15,2,11,3,5,14,F,14,1,W,15,15,4,13,12,11,12,12,W,12,2,13,12,3,15,3,5,5,14,F,14,14,F,1,14,14,F,14,1,3,11,11,4,13,5,12,12,W,13,2,13,12,3,5,5,12,F,5,12,W,12,2,11,14,14,F,5,14,2,11,11,3,5,14,F,14,14,14,F,5,14,F,5,14,F
reelStripBonus5=11,3,12,4,W,3,11,2,2,15,2,11,1,1,4,15,5,12,13,2,W,13,14,1,13,3,11,11,11,3,15,3,12,4,13,W,15,W,15,1,1,1,4,15,4,12,2,14,5,W,W,13,13,W,15,5,4,4,13,11,11,3,15,5,5,W,13,13,5,5,4,15,15,1,13,4,W,4,12,1,14,2,W,14,3,3,3,11,11,3,3,15,2,4,4,5,5,11,W,15,4,13,1,13,4,4,4,12,1,14,2,W,12,13,2,15,1,11,11,3,3,15,2,12,4,13,3,13,15,2,11,1,4,15,W,12,2,2,2,14,W,13,13,2,15,1,13,3,11
reelStripBonus6=
