reelStrip1=3,3,3,9,9,9,1,4,4,4,7,7,7,1,7,5,5,5,8,8,8,6,9,8,6,10,10,10,10,10,1,9,9,5,3,4,6,6,6
reelStrip2=9,9,9,4,4,4,5,5,5,4,3,3,3,10,10,10,10,7,7,7,8,8,8,6,6,6,5,1,2,2,2,9,7,8,7,6,9,1,5,5,5
reelStrip3=7,7,7,1,2,2,2,9,9,9,10,10,10,2,8,8,8,5,9,3,3,3,3,6,6,6,10,7,4,4,4,1,5,8,5,5,5
reelStrip4=4,4,4,6,6,6,8,8,8,3,3,3,10,10,10,3,7,7,7,10,8,5,5,5,7,9,9,9,7,10,6,8,1,2,2,2,9
reelStrip5=1,1,1,2,2,2,10,10,10,10,3,3,3,4,4,4,1,3,5,5,5,6,6,6,3,9,9,9,2,4,6,4,7,7,1,8,8,8,7,5,7,7,7
reelStrip6=
reelStripBonus1=6,6,6,4,4,4,9,9,9,9,8,8,8,10,10,10,9,8,8,10,7,7,7,1,10,7,3,3,3,5,5,5,4,3,7,1
reelStripBonus2=6,6,6,6,4,4,4,5,5,5,6,8,10,10,10,1,2,7,7,7,4,3,3,3,4,3,1,5,9,9,9,3,8,8,8
reelStripBonus3=10,10,10,9,9,9,7,7,7,6,8,8,8,3,9,1,5,8,4,3,5,2,10,6,4,7,7,9
reelStripBonus4=4,4,4,9,9,9,10,10,10,7,7,7,6,6,6,6,3,3,3,2,8,8,8,1,5,5,5,5,10,3,9
reelStripBonus5=7,7,7,1,10,10,10,10,2,7,9,9,9,6,6,6,9,8,8,8,4,4,4,7,3,3,3,6,5,5,5,6
reelStripBonus6=