reelStrip1=5,6,2,6,4,7,9,3,10,13,11,7,12,4,8,5,8,3,2,4,7,3,7,5,6,8,2,9,13,6,5,2,9,4,2,9,5
reelStrip2=11,8,6,7,4,5,3,4,5,8,9,2,12,10,6,3,2,7,9,7,2,6,5,4,5,4,9,8,3,12,9,7,3,2,4
reelStrip3=10,5,2,7,6,2,8,13,12,4,3,7,9,3,11,4,6,5,8,9,4,2,3,6,7,3,9,13,5,6,8,10,5,7,4,9
reelStrip4=2,8,4,7,3,2,9,5,11,8,7,2,5,6,4,3,10,6,12,9,5,6,2,3,8,4,10,9,6,3,4,2,6,5,10,7
reelStrip5=6,3,7,8,5,4,9,13,2,8,12,11,6,10,7,4,2,3,4,7,6,9,2,4,12,5,8,13,3,9,10,7,6,5,2,3,5
reelStrip6=
reelStripBonus1=5,6,2,6,4,7,9,3,10,13,11,7,4,8,5,8,3,2,4,7,3,7,5,6,8,2,9,13,6,5,2,9,4,2,9,5
reelStripBonus2=11,8,6,7,4,5,3,4,5,8,9,2,10,6,3,2,7,9,7,2,6,5,4,5,4,9,8,3,9,7,3,2,4
reelStripBonus3=10,5,2,7,6,2,8,13,4,3,7,9,3,11,4,6,5,8,9,4,2,3,6,7,3,9,13,5,6,8,10,5,7,4,9
reelStripBonus4=2,8,4,7,3,2,9,5,11,8,7,2,5,6,4,3,10,6,9,5,6,2,3,8,4,10,9,6,3,4,2,6,5,10,7
reelStripBonus5=6,3,7,8,5,4,9,13,2,8,11,6,10,7,4,2,3,4,7,6,9,2,4,5,8,13,3,9,10,7,6,5,2,3,5
reelStripBonus6=