reelStrip1=15,12,4,14,15,15,2,13,11,3,3,3,15,13,SC,11,11,4,13,14,1,1,11,2,15,15,4,13,12,3,13,11,4,4,14,15,3,3,13,12,1,11,11,SC,15,13,4,12,12,2,2,2,11,15,1,14,14,4,12,15,2,14,3,12,12,2,13,15,4,14,14,1,1,1,13,15,14,14,3,3,11,12,1,13,15,2,12,14,4,4,4,13,11,11,3,14,SC,12,4,13,13,1,11,13,12,2,2,14,14
reelStrip2=3,13,14,15,11,4,4,4,14,14,1,15,3,SC,14,13,2,2,15,11,1,1,15,13,4,11,11,12,2,2,2,14,12,1,13,13,3,3,14,11,11,4,15,15,14,2,15,11,4,4,12,12,SC,14,2,2,11,15,3,3,3,14,13,12,1,1,14,11,11,4,12,13,13,3,12,11,2,15,11,12,1,15,SC,12,12,4,4,12,2,14,11,3,12,1,1,1,11,13,4,4,15,14,2,13,15,15,3,3,15,12,SC,13,14,3,15,15,11
reelStrip3=15,13,1,14,3,15,15,W,12,13,4,4,4,14,11,15,W,13,12,3,15,4,11,11,15,W,13,14,SC,13,4,14,2,11,12,1,1,1,14,13,3,3,12,12,15,11,SC,14,13,4,11,12,W,15,15,1,1,14,11,2,13,3,14,12,SC,13,4,15,12,13,11,W,14,15,2,2,2,13,14,4,4,12,12,2,14,13,W,14,11,3,3,14,SC,12,12,2,13,14,3,11,12,4,13,11,1,1,14,4,4,15,11,W,14,12,3,3,3,11,13,15,2,2
reelStrip4=11,11,2,2,13,12,4,4,14,13,3,12,15,W,14,12,1,1,1,11,11,4,12,14,W,15,11,3,3,14,11,2,13,15,4,4,4,15,12,3,11,SC,13,14,11,4,12,12,W,13,13,1,15,12,11,11,4,4,13,14,2,13,14,W,11,15,3,3,3,13,15,15,4,4,12,14,15,2,2,15,11,W,13,14,SC,15,1,13,14,2,2,2,15,15,3,14,12,W,15,12,SC,2,13,4,12,12,3,3,15,14,SC,12,14,W,11,15,1,1
reelStrip5=13,1,14,14,SC,15,2,2,2,12,15,3,13,13,2,12,15,W,11,14,3,3,12,12,14,1,1,1,11,12,4,4,12,13,W,15,12,14,3,3,11,11,2,13,14,W,15,12,3,13,13,SC,12,14,4,4,12,13,W,14,14,2,13,1,11,12,3,3,3,11,14,1,13,15,15,4,4,14,11,W,13,12,SC,13,2,2,14,4,13,3,11,12,W,15,11,4,4,4,12,14,11,15,1,1,11,13,SC,13,11,3,3,14,4
reelStrip6=
reelStripBonus1=15,12,4,14,15,15,2,13,11,3,3,3,15,13,SC1,11,11,4,13,14,1,1,11,2,15,15,4,13,12,3,13,11,4,4,14,15,3,3,13,12,1,11,11,SC1,15,13,4,12,12,2,2,2,11,15,1,14,14,4,12,15,2,14,3,12,12,2,13,15,4,14,14,1,1,1,13,15,14,14,3,3,11,12,1,13,15,2,12,14,4,4,4,13,11,11,3,14,SC1,12,4,13,13,1,11,13,12,2,2,14,14
reelStripBonus2=3,13,14,15,11,4,4,4,14,14,1,15,3,SC1,14,13,2,2,15,11,1,1,15,13,4,11,11,12,2,2,2,14,12,1,13,13,3,3,14,11,11,4,15,15,14,2,15,11,4,4,12,12,SC1,14,2,2,11,15,3,3,3,14,13,12,1,1,14,11,11,4,12,13,13,3,12,11,2,15,11,12,1,15,SC1,12,12,4,4,12,2,14,11,3,12,1,1,1,11,13,4,4,15,14,2,13,15,15,3,3,15,12,SC1,13,14,3,15,15,11
reelStripBonus3=15,13,1,14,3,15,15,W,12,13,4,4,4,14,11,15,W,13,12,3,15,4,11,11,15,W,13,14,SC1,13,4,14,2,11,12,1,1,1,14,13,3,3,12,12,15,11,SC1,14,13,4,11,12,W,15,15,1,1,14,11,2,13,3,14,12,SC1,13,4,15,12,13,11,W,14,15,2,2,2,13,14,4,4,12,12,2,14,13,W,14,11,3,3,14,SC1,12,12,2,13,14,3,11,12,4,13,11,1,1,14,4,4,15,11,W,14,12,3,3,3,11,13,15,2,2
reelStripBonus4=11,11,2,2,13,12,4,4,14,13,3,12,15,W,14,12,1,1,1,11,11,4,12,14,W,15,11,3,3,14,11,2,13,15,4,4,4,15,12,3,11,SC1,13,14,11,4,12,12,W,13,13,1,15,12,11,11,4,4,13,14,2,13,14,W,11,15,3,3,3,13,15,15,4,4,12,14,15,2,2,15,11,W,13,14,SC1,15,1,13,14,2,2,2,15,15,3,14,12,W,15,12,SC1,2,13,4,12,12,3,3,15,14,SC1,12,14,W,11,15,1,1
reelStripBonus5=13,1,14,14,SC1,15,2,2,2,12,15,3,13,13,2,12,15,W,11,14,3,3,12,12,14,1,1,1,11,12,4,4,12,13,W,15,12,14,3,3,11,11,2,13,14,W,15,12,3,13,13,SC1,12,14,4,4,12,13,W,14,14,2,13,1,11,12,3,3,3,11,14,1,13,15,15,4,4,14,11,W,13,12,SC1,13,2,2,14,4,13,3,11,12,W,15,11,4,4,4,12,14,11,15,1,1,11,13,SC1,13,11,3,3,14,4
reelStripBonus6=

