reelStrip1=3,11,14,4,13,13,2,11,12,1,14,13,1,15,13,2,13,15,SC,13,14,4,15,14,3,13,13,2,12,13,2,12,11,1,11,12,1,12,11,4,13,15,SC,13,13,3,11,12,1,15,14,SC,13,14,4,15,12,4,11,11,3,14,13,4,4,12,13,3,11,13,2,12,12,1,15,14,1,14,15
reelStrip2=12,3,11,11,3,14,2,3,13,14,3,4,15,3,12,14,SC,14,13,3,15,4,14,3,14,13,SC,15,11,3,13,1,1,2,3,3,14,15,11,2,12,4,15,14,SC,1,12,11,11,3,12,2,11,3,13,3,14,15,4,11,12,3,15,14,4,13,14,13,SC,15,11,3,12,4,11,4,12,3,12,3,13,2,14,4,15,14,12
reelStrip3=13,SC,12,1,13,2,13,4,12,13,3,15,12,1,14,15,4,11,11,2,13,15,12,3,13,4,15,4,15,15,2,11,14,2,15,15,13,1,11,12,4,13,14,1,11,15,15,W,14,13,SC,15,15,11,W,13,15,3,12,3,4,12,4,1,15,14,W,12,13,SC,14,15,1,1,11,12,3,4,15,15,W,14,12
reelStrip4=12,14,W,14,14,2,11,12,3,15,1,13,14,2,11,15,2,14,14,14,4,3,2,15,14,4,11,13,12,2,2,14,14,SC,15,11,3,11,12,SC,13,15,12,4,4,14,13,SC,14,15,4,2,13,12,2,12,14,3,4,13,14,SC,2,2,11,12,W,12,11,3,13,14,2,14,11,4,15,15,2,4
reelStrip5=12,1,11,3,12,2,3,11,11,4,4,14,15,W,12,14,SC,15,13,4,4,15,3,2,13,2,11,11,12,12,W,15,13,4,12,3,13,3,11,14,14,4,15,15,W,11,12,13,1,11,12,13,1,11,3,12,12,4,15,11,12,1,15,4,13,4,13,14,SC,14,12,4,11,4,11,1,14,15,4,4,14,11,W,15
reelStrip6=
reelStripBonus1=1,11,14,2,13,12,1,11,12,3,14,12,3,15,12,2,11,15,SC1,13,12,3,15,12,4,15,12,4,13,14,2,13,12,1,11,12,3,14,12,4,15,12,2,14,15,SC1,13,12,1,11
reelStripBonus2=3,14,14,4,14,15,1,13,3,15,4,11,4,15,14,SC1,13,14,2,11,13,1,12,SC1,14,13,4,12,4,11,3,14,14,4,14,15,1,13,2,15,4,11,15,4,14,12,2,14,15,14,13
reelStripBonus3=2,11,1,13,3,13,11,12,SC1,11,3,13,2,14,11,13,4,12,15,W,13,12,W,13,15,11,13,15,SC1,14,13,2,14,11,13,4,12,15,11,11,12,4,11,2,13,14,3,15,14,2
reelStripBonus4=3,12,14,1,12,14,4,12,3,12,3,15,15,11,SC1,13,4,15,2,15,12,4,11,14,SC1,15,3,13,12,W,15,14,1,15,2,11,12,4,11,14,13,3,15,11,2,12,14,4,14,13,3,14
reelStripBonus5=12,3,11,3,12,11,11,2,14,14,11,1,15,12,4,14,11,SC1,13,11,1,14,12,11,4,15,14,3,15,11,2,15,3,12,11,11,3,12,4,11,13,2,14,11,1,15,12,4,14,11,SC1,13,15,1,14,11,11,4,15,11,W,13,12,2,15,3
reelStripBonus6=
