reelStrip1=6,9,9,9,9,8,7,7,7,10,10,10,10,5,7,1,3,3,4,6,6,6,8,8,8,13,13,13,8,9,4,9,10,10,9,10,1,5,4,7,4,9,4,9,10,9,9,7,8,9,3,4,10,4,4,8,4,9,4,7,10,9,10,13,4,3,8,3,10,4,9,4,1,9,10,9,10,10,7,9,8,10,8,9,3,10,9,8,7,10,7,9
reelStrip2=10,7,7,7,7,6,8,13,13,13,9,5,5,5,3,1,10,10,10,8,8,8,5,4,9,9,9,5,7,5,4,9,3,8,3,9,5,9,4,7,8,6,9,8,7,5,6,7,9,7,9,5,7,9,6,7,4,9,5,8,13,13,6,5,8,6,7,9,8,5,9,8,7,5,4,7,8,9,4,8,9,8,5,9,5,4,9,5,8,7,5,3,3,9,5,8,9,9,5,8,13
reelStrip3=8,8,8,4,8,10,9,4,4,4,13,6,6,6,6,7,10,10,10,1,7,7,7,3,5,9,9,9,13,13,13,4,9,8,8,8,4,8,10,9,4,4,4,6,6,6,6,7,10,10,10,1,7,7,7,5,9,9,9,3,3,4,9,8,8,8,4,8,10,9,4,4,4,13,6,6,6,6,7,10,10,10,1,7,7,7,3,5,9,9,9,13,13,13,4,9,8,8,8,4,8,10,9,4,4,4,6,6,6,6,7,10,10,10,1,7,7,7,5,9,9,9,4,9
reelStrip4=7,9,8,7,7,7,3,5,4,9,9,9,1,5,5,5,6,10,8,8,8,10,10,10,13,13,13,10,9,10,5,9,4,9,10,9,4,5,10,9,5,4,9,5,10,9,10,9,5,1,10,9,9,5,10,5,9,13,13,4,10,1,8,9,5,8,5,9,10,8,9,10,10,4,9,10,5,9,8,10,1,10,9,8,9,10,9,4,5,7,9,8,7,7,7,3,5,4,9,9,9,1,5,5,5,6,3,3,3,10,8,8,8,10,10,10,13,13,13,10,9,10,5,9,3,4,9,10,9,4,5,10,9,5,4,9,5,10,9,10,9,5,1,10,9,9,5,10,5,9,13,13,4,10,1,8,9,5,8,5,9,10,8,9,10,10,4,9,10,5,9,8,10,1,10,9,8,9,10,9,4,5
reelStrip5=5,8,6,10,10,10,5,5,5,4,9,13,13,13,7,3,4,4,4,10,1,8,8,8,6,6,6,10,10,4,1,6,10,4,8,10,6,4,10,6,7,13,10,4,5,8,6,10,10,10,5,5,5,4,9,6,7,3,4,4,4,10,1,8,8,8,6,6,6,10,10,4,1,6,10,4,8,10,6,4,10,6,7,10,4
reelStrip6=
reelStripBonus1=12,12,12,12,12,13,13,13,12,13,13,13,12,13,12,12,13
reelStripBonus2=12,12,13,12,12,12,12,12,13,12,12,12,13,12,13,13,13,13,13,12,12,12,13,13,13,12,12,13,12,13,13,12,12,12,12
reelStripBonus3=13,13,12,13,12,12,12,12,13,13,12,13,13,13,13,12,12,13,12,12,12,12
reelStripBonus4=12,12,12,12,12,13,13,12,12,13,12,12,13,13,13,13,12,12,13
reelStripBonus5=13,12,13,12,13,13,12,12,12,12,12,12,13,13,12,12,13,12,13,12,13,13,12,13,13,13,12,13,13,12,13,12,12,12,12,12,12,12
reelStripBonus6=